# Rebalancing and trading monthly.
#Base_month	Monthend	Trading_month	Rskmdl_month	Label1	Label2
198712	198712	198712	198712	198712	87c
198801	198801	198801	198801	198801	881
198802	198802	198802	198802	198802	882
198803	198803	198803	198803	198803	883
198804	198804	198804	198804	198804	884
198805	198805	198805	198805	198805	885
198806	198806	198806	198806	198806	886
198807	198807	198807	198807	198807	887
198808	198808	198808	198808	198808	888
198809	198809	198809	198809	198809	889
198810	198810	198810	198810	198810	88a
198811	198811	198811	198811	198811	88b
198812	198812	198812	198812	198812	88c
198901	198901	198901	198901	198901	891
198902	198902	198902	198902	198902	892
198903	198903	198903	198903	198903	893
198904	198904	198904	198904	198904	894
198905	198905	198905	198905	198905	895
198906	198906	198906	198906	198906	896
198907	198907	198907	198907	198907	897
198908	198908	198908	198908	198908	898
198909	198909	198909	198909	198909	899
198910	198910	198910	198910	198910	89a
198911	198911	198911	198911	198911	89b
198912	198912	198912	198912	198912	89c
199001	199001	199001	199001	199001	901
199002	199002	199002	199002	199002	902
199003	199003	199003	199003	199003	903
199004	199004	199004	199004	199004	904
199005	199005	199005	199005	199005	905
199006	199006	199006	199006	199006	906
199007	199007	199007	199007	199007	907
199008	199008	199008	199008	199008	908
199009	199009	199009	199009	199009	909
199010	199010	199010	199010	199010	90a
199011	199011	199011	199011	199011	90b
199012	199012	199012	199012	199012	90c
199101	199101	199101	199101	199101	911
199102	199102	199102	199102	199102	912
199103	199103	199103	199103	199103	913
199104	199104	199104	199104	199104	914
199105	199105	199105	199105	199105	915
199106	199106	199106	199106	199106	916
199107	199107	199107	199107	199107	917
199108	199108	199108	199108	199108	918
199109	199109	199109	199109	199109	919
199110	199110	199110	199110	199110	91a
199111	199111	199111	199111	199111	91b
199112	199112	199112	199112	199112	91c
199201	199201	199201	199201	199201	921
199202	199202	199202	199202	199202	922
199203	199203	199203	199203	199203	923
199204	199204	199204	199204	199204	924
199205	199205	199205	199205	199205	925
199206	199206	199206	199206	199206	926
199207	199207	199207	199207	199207	927
199208	199208	199208	199208	199208	928
199209	199209	199209	199209	199209	929
199210	199210	199210	199210	199210	92a
199211	199211	199211	199211	199211	92b
199212	199212	199212	199212	199212	92c
199301	199301	199301	199301	199301	931
199302	199302	199302	199302	199302	932
199303	199303	199303	199303	199303	933
199304	199304	199304	199304	199304	934
199305	199305	199305	199305	199305	935
199306	199306	199306	199306	199306	936
199307	199307	199307	199307	199307	937
199308	199308	199308	199308	199308	938
199309	199309	199309	199309	199309	939
199310	199310	199310	199310	199310	93a
199311	199311	199311	199311	199311	93b
199312	199312	199312	199312	199312	93c
199401	199401	199401	199401	199401	941
199402	199402	199402	199402	199402	942
199403	199403	199403	199403	199403	943
199404	199404	199404	199404	199404	944
199405	199405	199405	199405	199405	945
199406	199406	199406	199406	199406	946
199407	199407	199407	199407	199407	947
199408	199408	199408	199408	199408	948
199409	199409	199409	199409	199409	949
199410	199410	199410	199410	199410	94a
199411	199411	199411	199411	199411	94b
199412	199412	199412	199412	199412	94c
199501	199501	199501	199501	199501	951
199502	199502	199502	199502	199502	952
199503	199503	199503	199503	199503	953
199504	199504	199504	199504	199504	954
199505	199505	199505	199505	199505	955
199506	199506	199506	199506	199506	956
199507	199507	199507	199507	199507	957
199508	199508	199508	199508	199508	958
199509	199509	199509	199509	199509	959
199510	199510	199510	199510	199510	95a
199511	199511	199511	199511	199511	95b
199512	199512	199512	199512	199512	95c
199601	199601	199601	199601	199601	961
199602	199602	199602	199602	199602	962
199603	199603	199603	199603	199603	963
199604	199604	199604	199604	199604	964
199605	199605	199605	199605	199605	965
199606	199606	199606	199606	199606	966
199607	199607	199607	199607	199607	967
199608	199608	199608	199608	199608	968
199609	199609	199609	199609	199609	969
199610	199610	199610	199610	199610	96a
199611	199611	199611	199611	199611	96b
199612	199612	199612	199612	199612	96c
199701	199701	199701	199701	199701	971
199702	199702	199702	199702	199702	972
199703	199703	199703	199703	199703	973
199704	199704	199704	199704	199704	974
199705	199705	199705	199705	199705	975
199706	199706	199706	199706	199706	976
199707	199707	199707	199707	199707	977
199708	199708	199708	199708	199708	978
199709	199709	199709	199709	199709	979
199710	199710	199710	199710	199710	97a
199711	199711	199711	199711	199711	97b
199712	199712	199712	199712	199712	97c
199801	199801	199801	199801	199801	981
199802	199802	199802	199802	199802	982
199803	199803	199803	199803	199803	983
199804	199804	199804	199804	199804	984
199805	199805	199805	199805	199805	985
199806	199806	199806	199806	199806	986
199807	199807	199807	199807	199807	987
199808	199808	199808	199808	199808	988
199809	199809	199809	199809	199809	989
199810	199810	199810	199810	199810	98a
199811	199811	199811	199811	199811	98b
199812	199812	199812	199812	199812	98c
199901	199901	199901	199901	199901	991
199902	199902	199902	199902	199902	992
199903	199903	199903	199903	199903	993
199904	199904	199904	199904	199904	994
199905	199905	199905	199905	199905	995
199906	199906	199906	199906	199906	996
199907	199907	199907	199907	199907	997
199908	199908	199908	199908	199908	998
199909	199909	199909	199909	199909	999
199910	199910	199910	199910	199910	99a
199911	199911	199911	199911	199911	99b
199912	199912	199912	199912	199912	99c
200001	200001	200001	200001	200001	001
200002	200002	200002	200002	200002	002
200003	200003	200003	200003	200003	003
200004	200004	200004	200004	200004	004
200005	200005	200005	200005	200005	005
200006	200006	200006	200006	200006	006
200007	200007	200007	200007	200007	007
200008	200008	200008	200008	200008	008
200009	200009	200009	200009	200009	009
200010	200010	200010	200010	200010	00a
200011	200011	200011	200011	200011	00b
200012	200012	200012	200012	200012	00c
200101	200101	200101	200101	200101	011
200102	200102	200102	200102	200102	012
200103	200103	200103	200103	200103	013
200104	200104	200104	200104	200104	014
200105	200105	200105	200105	200105	015
200106	200106	200106	200106	200106	016
200107	200107	200107	200107	200107	017
200108	200108	200108	200108	200108	018
200109	200109	200109	200109	200109	019
200110	200110	200110	200110	200110	01a
200111	200111	200111	200111	200111	01b
200112	200112	200112	200112	200112	01c
200201	200201	200201	200201	200201	021
200202	200202	200202	200202	200202	022
200203	200203	200203	200203	200203	023
200204	200204	200204	200204	200204	024
200205	200205	200205	200205	200205	025
200206	200206	200206	200206	200206	026
200207	200207	200207	200207	200207	027
200208	200208	200208	200208	200208	028
200209	200209	200209	200209	200209	029
200210	200210	200210	200210	200210	02a
200211	200211	200211	200211	200211	02b
200212	200212	200212	200212	200212	02c
200301	200301	200301	200301	200301	031
200302	200302	200302	200302	200302	032
200303	200303	200303	200303	200303	033
200304	200304	200304	200304	200304	034
200305	200305	200305	200305	200305	035
200306	200306	200306	200306	200306	036
200307	200307	200307	200307	200307	037
200308	200308	200308	200308	200308	038
200309	200309	200309	200309	200309	039
200310	200310	200310	200310	200310	03a
200311	200311	200311	200311	200311	03b
200312	200312	200312	200312	200312	03c
200401	200401	200401	200401	200401	041
200402	200402	200402	200402	200402	042
200403	200403	200403	200403	200403	043
200404	200404	200404	200404	200404	044
200405	200405	200405	200405	200405	045
200406	200406	200406	200406	200406	046
200407	200407	200407	200407	200407	047
200408	200408	200408	200408	200408	048
200409	200409	200409	200409	200409	049
200410	200410	200410	200410	200410	04a
200411	200411	200411	200411	200411	04b
200412	200412	200412	200412	200412	04c
200501	200501	200501	200501	200501	051
200502	200502	200502	200502	200502	052
200503	200503	200503	200503	200503	053
200504	200504	200504	200504	200504	054
200505	200505	200505	200505	200505	055
200506	200506	200506	200506	200506	056
200507	200507	200507	200507	200507	057
200508	200508	200508	200508	200508	058
200509	200509	200509	200509	200509	059
200510	200510	200510	200510	200510	05a
200511	200511	200511	200511	200511	05b
200512	200512	200512	200512	200512	05c
200601	200601	200601	200601	200601	061
200602	200602	200602	200602	200602	062
200603	200603	200603	200603	200603	063
200604	200604	200604	200604	200604	064
200605	200605	200605	200605	200605	065
200606	200606	200606	200606	200606	066
200607	200607	200607	200607	200607	067
200608	200608	200608	200608	200608	068
200609	200609	200609	200609	200609	069
200610	200610	200610	200610	200610	06a
200611	200611	200611	200611	200611	06b
200612	200612	200612	200612	200612	06c
200701	200701	200701	200701	200701	071
200702	200702	200702	200702	200702	072
200703	200703	200703	200703	200703	073
200704	200704	200704	200704	200704	074
200705	200705	200705	200705	200705	075
200706	200706	200706	200706	200706	076
200707	200707	200707	200707	200707	077
200708	200708	200708	200708	200708	078
200709	200709	200709	200709	200709	079
200710	200710	200710	200710	200710	07a
200711	200711	200711	200711	200711	07b
200712	200712	200712	200712	200712	07c
200801	200801	200801	200801	200801	081
200802	200802	200802	200802	200802	082
200803	200803	200803	200803	200803	083
200804	200804	200804	200804	200804	084
200805	200805	200805	200805	200805	085
200806	200806	200806	200806	200806	086
200807	200807	200807	200807	200807	087
200808	200808	200808	200808	200808	088
200809	200809	200809	200809	200809	089
200810	200810	200810	200810	200810	08a
200811	200811	200811	200811	200811	08b
200812	200812	200812	200812	200812	08c
200901	200901	200901	200901	200901	091
200902	200902	200902	200902	200902	092
200903	200903	200903	200903	200903	093
200904	200904	200904	200904	200904	094
200905	200905	200905	200905	200905	095
200906	200906	200906	200906	200906	096
200907	200907	200907	200907	200907	097
200908	200908	200908	200908	200908	098
200909	200909	200909	200909	200909	099
200910	200910	200910	200910	200910	09a
200911	200911	200911	200911	200911	09b
200912	200912	200912	200912	200912	09c
201001	201001	201001	201001	201001	101
201002	201002	201002	201002	201002	102
201003	201003	201003	201003	201003	103
201004	201004	201004	201004	201004	104
201005	201005	201005	201005	201005	105
201006	201006	201006	201006	201006	106
201007	201007	201007	201007	201007	107
201008	201008	201008	201008	201008	108
201009	201009	201009	201009	201009	109
201010	201010	201010	201010	201010	10a
201011	201011	201011	201011	201011	10b
201012	201012	201012	201012	201012	10c
201101	201101	201101	201101	201101	111
201102	201102	201102	201102	201102	112
201103	201103	201103	201103	201103	113
201104	201104	201104	201104	201104	114
201105	201105	201105	201105	201105	115
201106	201106	201106	201106	201106	116
201107	201107	201107	201107	201107	117
201108	201108	201108	201108	201108	118
201109	201109	201109	201109	201109	119
201110	201110	201110	201110	201110	11a
201111	201111	201111	201111	201111	11b
201112	201112	201112	201112	201112	11c
201201	201201	201201	201201	201201	121
201202	201202	201202	201202	201202	122
201203	201203	201203	201203	201203	123
201204	201204	201204	201204	201204	124
201205	201205	201205	201205	201205	125
201206	201206	201206	201206	201206	126
201207	201207	201207	201207	201207	127
201208	201208	201208	201208	201208	128
201209	201209	201209	201209	201209	129
201210	201210	201210	201210	201210	12a
201211	201211	201211	201211	201211	12b
201212	201212	201212	201212	201212	12c
201301	201301	201301	201301	201301	131
201302	201302	201302	201302	201302	132
201303	201303	201303	201303	201303	133
201304	201304	201304	201304	201304	134
201305	201305	201305	201305	201305	135
201306	201306	201306	201306	201306	136
201307	201307	201307	201307	201307	137
201308	201308	201308	201308	201308	138
201309	201309	201309	201309	201309	139
201310	201310	201310	201310	201310	13a
201311	201311	201311	201311	201311	13b
201312	201312	201312	201312	201312	13c
201401	201401	201401	201401	201401	141
201402	201402	201402	201402	201402	142
201403	201403	201403	201403	201403	143
201404	201404	201404	201404	201404	144
201405	201405	201405	201405	201405	145
201406	201406	201406	201406	201406	146
201407	201407	201407	201407	201407	147
201408	201408	201408	201408	201408	148
201409	201409	201409	201409	201409	149
201410	201410	201410	201410	201410	14a
201411	201411	201411	201411	201411	14b
201412	201412	201412	201412	201412	14c
201501	201501	201501	201501	201501	151
201502	201502	201502	201502	201502	152
201503	201503	201503	201503	201503	153
201504	201504	201504	201504	201504	154
201505	201505	201505	201505	201505	155
201506	201506	201506	201506	201506	156
201507	201507	201507	201507	201507	157
201508	201508	201508	201508	201508	158
201509	201509	201509	201509	201509	159
201510	201510	201510	201510	201510	15a
201511	201511	201511	201511	201511	15b
201512	201512	201512	201512	201512	15c
201601	201601	201601	201601	201601	161
201602	201602	201602	201602	201602	162
201603	201603	201603	201603	201603	163
201604	201604	201604	201604	201604	164
201605	201605	201605	201605	201605	165
201606	201606	201606	201606	201606	166
201607	201607	201607	201607	201607	167
201608	201608	201608	201608	201608	168
201609	201609	201609	201609	201609	169
201610	201610	201610	201610	201610	16a
201611	201611	201611	201611	201611	16b
201612	201612	201612	201612	201612	16c
201701	201701	201701	201701	201701	171
201702	201702	201702	201702	201702	172
201703	201703	201703	201703	201703	173
201704	201704	201704	201704	201704	174
201705	201705	201705	201705	201705	175
201706	201706	201706	201706	201706	176
201707	201707	201707	201707	201707	177
201708	201708	201708	201708	201708	178
201709	201709	201709	201709	201709	179
201710	201710	201710	201710	201710	17a
201711	201711	201711	201711	201711	17b
201712	201712	201712	201712	201712	17c
201801	201801	201801	201801	201801	181
201802	201802	201802	201802	201802	182
201803	201803	201803	201803	201803	183
201804	201804	201804	201804	201804	184
201805	201805	201805	201805	201805	185
201806	201806	201806	201806	201806	186
201807	201807	201807	201807	201807	187
201808	201808	201808	201808	201808	188
201809	201809	201809	201809	201809	189
201810	201810	201810	201810	201810	18a
201811	201811	201811	201811	201811	18b
201812	201812	201812	201812	201812	18c
201901	201901	201901	201901	201901	191
201902	201902	201902	201902	201902	192
201903	201903	201903	201903	201903	193
201904	201904	201904	201904	201904	194
201905	201905	201905	201905	201905	195
201906	201906	201906	201906	201906	196
201907	201907	201907	201907	201907	197
201908	201908	201908	201908	201908	198
201909	201909	201909	201909	201909	199
201910	201910	201910	201910	201910	19a
201911	201911	201911	201911	201911	19b
201912	201912	201912	201912	201912	19c
202001	202001	202001	202001	202001	201
202002	202002	202002	202002	202002	202
202003	202003	202003	202003	202003	203
202004	202004	202004	202004	202004	204
202005	202005	202005	202005	202005	205
202006	202006	202006	202006	202006	206
202007	202007	202007	202007	202007	207
202008	202008	202008	202008	202008	208
202009	202009	202009	202009	202009	209
202010	202010	202010	202010	202010	20a
202011	202011	202011	202011	202011	20b
202012	202012	202012	202012	202012	20c
202101	202101	202101	202101	202101	211
202102	202102	202102	202102	202102	212
202103	202103	202103	202103	202103	213
202104	202104	202104	202104	202104	214
202105	202105	202105	202105	202105	215
202106	202106	202106	202106	202106	216
202107	202107	202107	202107	202107	217
202108	202108	202108	202108	202108	218
202109	202109	202109	202109	202109	219
202110	202110	202110	202110	202110	21a
202111	202111	202111	202111	202111	21b
202112	202112	202112	202112	202112	21c
202201	202201	202201	202201	202201	221
202202	202202	202202	202202	202202	222
202203	202203	202203	202203	202203	223
202204	202204	202204	202204	202204	224
202205	202205	202205	202205	202205	225
202206	202206	202206	202206	202206	226
202207	202207	202207	202207	202207	227
202208	202208	202208	202208	202208	228
202209	202209	202209	202209	202209	229
202210	202210	202210	202210	202210	22a
202211	202211	202211	202211	202211	22b
202212	202212	202212	202212	202212	22c
202301	202301	202301	202301	202301	231
202302	202302	202302	202302	202302	232
202303	202303	202303	202303	202303	233
202304	202304	202304	202304	202304	234
202305	202305	202305	202305	202305	235
202306	202306	202306	202306	202306	236
202307	202307	202307	202307	202307	237
202308	202308	202308	202308	202308	238
202309	202309	202309	202309	202309	239
202310	202310	202310	202310	202310	23a
202311	202311	202311	202311	202311	23b
202312	202312	202312	202312	202312	23c
202401	202401	202401	202401	202401	241
202402	202402	202402	202402	202402	242
202403	202403	202403	202403	202403	243
202404	202404	202404	202404	202404	244
202405	202405	202405	202405	202405	245
202406	202406	202406	202406	202406	246
202407	202407	202407	202407	202407	247
202408	202408	202408	202408	202408	248
202409	202409	202409	202409	202409	249
202410	202410	202410	202410	202410	24a
202411	202411	202411	202411	202411	24b
202412	202412	202412	202412	202412	24c
202501	202501	202501	202501	202501	251
202502	202502	202502	202502	202502	252
202503	202503	202503	202503	202503	253
202504	202504	202504	202504	202504	254
202505	202505	202505	202505	202505	255
202506	202506	202506	202506	202506	256
202507	202507	202507	202507	202507	257
202508	202508	202508	202508	202508	258
202509	202509	202509	202509	202509	259
202510	202510	202510	202510	202510	25a
202511	202511	202511	202511	202511	25b
202512	202512	202512	202512	202512	25c
202601	202601	202601	202601	202601	261
202602	202602	202602	202602	202602	262
202603	202603	202603	202603	202603	263
202604	202604	202604	202604	202604	264
202605	202605	202605	202605	202605	265
202606	202606	202606	202606	202606	266
202607	202607	202607	202607	202607	267
202608	202608	202608	202608	202608	268
202609	202609	202609	202609	202609	269
202610	202610	202610	202610	202610	26a
202611	202611	202611	202611	202611	26b
202612	202612	202612	202612	202612	26c
202701	202701	202701	202701	202701	271
202702	202702	202702	202702	202702	272
202703	202703	202703	202703	202703	273
202704	202704	202704	202704	202704	274
202705	202705	202705	202705	202705	275
202706	202706	202706	202706	202706	276
202707	202707	202707	202707	202707	277
202708	202708	202708	202708	202708	278
202709	202709	202709	202709	202709	279
202710	202710	202710	202710	202710	27a
202711	202711	202711	202711	202711	27b
202712	202712	202712	202712	202712	27c
202801	202801	202801	202801	202801	281
202802	202802	202802	202802	202802	282
202803	202803	202803	202803	202803	283
202804	202804	202804	202804	202804	284
202805	202805	202805	202805	202805	285
202806	202806	202806	202806	202806	286
202807	202807	202807	202807	202807	287
202808	202808	202808	202808	202808	288
202809	202809	202809	202809	202809	289
202810	202810	202810	202810	202810	28a
202811	202811	202811	202811	202811	28b
202812	202812	202812	202812	202812	28c
202901	202901	202901	202901	202901	291
202902	202902	202902	202902	202902	292
202903	202903	202903	202903	202903	293
202904	202904	202904	202904	202904	294
202905	202905	202905	202905	202905	295
202906	202906	202906	202906	202906	296
202907	202907	202907	202907	202907	297
202908	202908	202908	202908	202908	298
202909	202909	202909	202909	202909	299
202910	202910	202910	202910	202910	29a
202911	202911	202911	202911	202911	29b
202912	202912	202912	202912	202912	29c
203001	203001	203001	203001	203001	301
203002	203002	203002	203002	203002	302
203003	203003	203003	203003	203003	303
203004	203004	203004	203004	203004	304
203005	203005	203005	203005	203005	305
203006	203006	203006	203006	203006	306
203007	203007	203007	203007	203007	307
203008	203008	203008	203008	203008	308
203009	203009	203009	203009	203009	309
203010	203010	203010	203010	203010	30a
203011	203011	203011	203011	203011	30b
203012	203012	203012	203012	203012	30c
203101	203101	203101	203101	203101	311
203102	203102	203102	203102	203102	312
203103	203103	203103	203103	203103	313
203104	203104	203104	203104	203104	314
203105	203105	203105	203105	203105	315
203106	203106	203106	203106	203106	316
203107	203107	203107	203107	203107	317
203108	203108	203108	203108	203108	318
203109	203109	203109	203109	203109	319
203110	203110	203110	203110	203110	31a
203111	203111	203111	203111	203111	31b
203112	203112	203112	203112	203112	31c
203201	203201	203201	203201	203201	321
203202	203202	203202	203202	203202	322
203203	203203	203203	203203	203203	323
203204	203204	203204	203204	203204	324
203205	203205	203205	203205	203205	325
203206	203206	203206	203206	203206	326
203207	203207	203207	203207	203207	327
203208	203208	203208	203208	203208	328
203209	203209	203209	203209	203209	329
203210	203210	203210	203210	203210	32a
203211	203211	203211	203211	203211	32b
203212	203212	203212	203212	203212	32c
203301	203301	203301	203301	203301	331
203302	203302	203302	203302	203302	332
203303	203303	203303	203303	203303	333
203304	203304	203304	203304	203304	334
203305	203305	203305	203305	203305	335
203306	203306	203306	203306	203306	336
203307	203307	203307	203307	203307	337
203308	203308	203308	203308	203308	338
203309	203309	203309	203309	203309	339
203310	203310	203310	203310	203310	33a
203311	203311	203311	203311	203311	33b
203312	203312	203312	203312	203312	33c
203401	203401	203401	203401	203401	341
203402	203402	203402	203402	203402	342
203403	203403	203403	203403	203403	343
203404	203404	203404	203404	203404	344
203405	203405	203405	203405	203405	345
203406	203406	203406	203406	203406	346
203407	203407	203407	203407	203407	347
203408	203408	203408	203408	203408	348
203409	203409	203409	203409	203409	349
203410	203410	203410	203410	203410	34a
203411	203411	203411	203411	203411	34b
203412	203412	203412	203412	203412	34c
203501	203501	203501	203501	203501	351
203502	203502	203502	203502	203502	352
203503	203503	203503	203503	203503	353
203504	203504	203504	203504	203504	354
203505	203505	203505	203505	203505	355
203506	203506	203506	203506	203506	356
203507	203507	203507	203507	203507	357
203508	203508	203508	203508	203508	358
203509	203509	203509	203509	203509	359
203510	203510	203510	203510	203510	35a
203511	203511	203511	203511	203511	35b
203512	203512	203512	203512	203512	35c
203601	203601	203601	203601	203601	361
203602	203602	203602	203602	203602	362
203603	203603	203603	203603	203603	363
203604	203604	203604	203604	203604	364
203605	203605	203605	203605	203605	365
203606	203606	203606	203606	203606	366
203607	203607	203607	203607	203607	367
203608	203608	203608	203608	203608	368
203609	203609	203609	203609	203609	369
203610	203610	203610	203610	203610	36a
203611	203611	203611	203611	203611	36b
203612	203612	203612	203612	203612	36c
203701	203701	203701	203701	203701	371
203702	203702	203702	203702	203702	372
203703	203703	203703	203703	203703	373
203704	203704	203704	203704	203704	374
203705	203705	203705	203705	203705	375
203706	203706	203706	203706	203706	376
203707	203707	203707	203707	203707	377
203708	203708	203708	203708	203708	378
203709	203709	203709	203709	203709	379
203710	203710	203710	203710	203710	37a
203711	203711	203711	203711	203711	37b
203712	203712	203712	203712	203712	37c
203801	203801	203801	203801	203801	381
203802	203802	203802	203802	203802	382
203803	203803	203803	203803	203803	383
203804	203804	203804	203804	203804	384
203805	203805	203805	203805	203805	385
203806	203806	203806	203806	203806	386
203807	203807	203807	203807	203807	387
203808	203808	203808	203808	203808	388
203809	203809	203809	203809	203809	389
203810	203810	203810	203810	203810	38a
203811	203811	203811	203811	203811	38b
203812	203812	203812	203812	203812	38c
203901	203901	203901	203901	203901	391
203902	203902	203902	203902	203902	392
203903	203903	203903	203903	203903	393
203904	203904	203904	203904	203904	394
203905	203905	203905	203905	203905	395
203906	203906	203906	203906	203906	396
203907	203907	203907	203907	203907	397
203908	203908	203908	203908	203908	398
203909	203909	203909	203909	203909	399
203910	203910	203910	203910	203910	39a
203911	203911	203911	203911	203911	39b
203912	203912	203912	203912	203912	39c
204001	204001	204001	204001	204001	401
204002	204002	204002	204002	204002	402
204003	204003	204003	204003	204003	403
204004	204004	204004	204004	204004	404
204005	204005	204005	204005	204005	405
204006	204006	204006	204006	204006	406
204007	204007	204007	204007	204007	407
204008	204008	204008	204008	204008	408
204009	204009	204009	204009	204009	409
204010	204010	204010	204010	204010	40a
204011	204011	204011	204011	204011	40b
204012	204012	204012	204012	204012	40c
204101	204101	204101	204101	204101	411
204102	204102	204102	204102	204102	412
204103	204103	204103	204103	204103	413
204104	204104	204104	204104	204104	414
204105	204105	204105	204105	204105	415
204106	204106	204106	204106	204106	416
204107	204107	204107	204107	204107	417
204108	204108	204108	204108	204108	418
204109	204109	204109	204109	204109	419
204110	204110	204110	204110	204110	41a
204111	204111	204111	204111	204111	41b
204112	204112	204112	204112	204112	41c
204201	204201	204201	204201	204201	421
204202	204202	204202	204202	204202	422
204203	204203	204203	204203	204203	423
204204	204204	204204	204204	204204	424
204205	204205	204205	204205	204205	425
204206	204206	204206	204206	204206	426
204207	204207	204207	204207	204207	427
204208	204208	204208	204208	204208	428
204209	204209	204209	204209	204209	429
204210	204210	204210	204210	204210	42a
204211	204211	204211	204211	204211	42b
204212	204212	204212	204212	204212	42c
204301	204301	204301	204301	204301	431
204302	204302	204302	204302	204302	432
204303	204303	204303	204303	204303	433
204304	204304	204304	204304	204304	434
204305	204305	204305	204305	204305	435
204306	204306	204306	204306	204306	436
204307	204307	204307	204307	204307	437
204308	204308	204308	204308	204308	438
204309	204309	204309	204309	204309	439
204310	204310	204310	204310	204310	43a
204311	204311	204311	204311	204311	43b
204312	204312	204312	204312	204312	43c
204401	204401	204401	204401	204401	441
204402	204402	204402	204402	204402	442
204403	204403	204403	204403	204403	443
204404	204404	204404	204404	204404	444
204405	204405	204405	204405	204405	445
204406	204406	204406	204406	204406	446
204407	204407	204407	204407	204407	447
204408	204408	204408	204408	204408	448
204409	204409	204409	204409	204409	449
204410	204410	204410	204410	204410	44a
204411	204411	204411	204411	204411	44b
204412	204412	204412	204412	204412	44c
204501	204501	204501	204501	204501	451
204502	204502	204502	204502	204502	452
204503	204503	204503	204503	204503	453
204504	204504	204504	204504	204504	454
204505	204505	204505	204505	204505	455
204506	204506	204506	204506	204506	456
204507	204507	204507	204507	204507	457
204508	204508	204508	204508	204508	458
204509	204509	204509	204509	204509	459
204510	204510	204510	204510	204510	45a
204511	204511	204511	204511	204511	45b
204512	204512	204512	204512	204512	45c
204601	204601	204601	204601	204601	461
204602	204602	204602	204602	204602	462
204603	204603	204603	204603	204603	463
204604	204604	204604	204604	204604	464
204605	204605	204605	204605	204605	465
204606	204606	204606	204606	204606	466
204607	204607	204607	204607	204607	467
204608	204608	204608	204608	204608	468
204609	204609	204609	204609	204609	469
204610	204610	204610	204610	204610	46a
204611	204611	204611	204611	204611	46b
204612	204612	204612	204612	204612	46c
204701	204701	204701	204701	204701	471
204702	204702	204702	204702	204702	472
204703	204703	204703	204703	204703	473
204704	204704	204704	204704	204704	474
204705	204705	204705	204705	204705	475
204706	204706	204706	204706	204706	476
204707	204707	204707	204707	204707	477
204708	204708	204708	204708	204708	478
204709	204709	204709	204709	204709	479
204710	204710	204710	204710	204710	47a
204711	204711	204711	204711	204711	47b
204712	204712	204712	204712	204712	47c
204801	204801	204801	204801	204801	481
204802	204802	204802	204802	204802	482
204803	204803	204803	204803	204803	483
204804	204804	204804	204804	204804	484
204805	204805	204805	204805	204805	485
204806	204806	204806	204806	204806	486
204807	204807	204807	204807	204807	487
204808	204808	204808	204808	204808	488
204809	204809	204809	204809	204809	489
204810	204810	204810	204810	204810	48a
204811	204811	204811	204811	204811	48b
204812	204812	204812	204812	204812	48c
204901	204901	204901	204901	204901	491
204902	204902	204902	204902	204902	492
204903	204903	204903	204903	204903	493
204904	204904	204904	204904	204904	494
204905	204905	204905	204905	204905	495
204906	204906	204906	204906	204906	496
204907	204907	204907	204907	204907	497
204908	204908	204908	204908	204908	498
204909	204909	204909	204909	204909	499
204910	204910	204910	204910	204910	49a
204911	204911	204911	204911	204911	49b
204912	204912	204912	204912	204912	49c
