#Base_day	Monthend_day	Trading_day	Rskmdl_month	Label1	Label2
20180131	20180131	20180131	201712	201712	20180130
20180228	20180228	20180228	201801	201801	20180227
20180330	20180330	20180330	201802	201802	20180329
20180430	20180430	20180430	201803	201803	20180427
20180531	20180531	20180531	201804	201804	20180530
20180629	20180629	20180629	201805	201805	20180628
20180731	20180731	20180731	201806	201806	20180730
20180831	20180831	20180831	201807	201807	20180830
20180928	20180928	20180928	201808	201808	20180927
20181031	20181031	20181031	201809	201809	20181030
20181130	20181130	20181130	201810	201810	20181129
20181231	20181231	20181231	201811	201811	20181228
20190131	20190131	20190131	201812	201812	20190130
20190228	20190228	20190228	201901	201901	20190227
20190329	20190329	20190329	201902	201902	20190328
20190430	20190430	20190430	201903	201903	20190429
20190531	20190531	20190531	201904	201904	20190530
20190628	20190628	20190628	201905	201905	20190627
20190731	20190731	20190731	201906	201906	20190730
20190830	20190830	20190830	201907	201907	20190829
20190930	20190930	20190930	201908	201908	20190927
20191031	20191031	20191031	201909	201909	20191030
20191129	20191129	20191129	201910	201910	20191128
20191231	20191231	20191231	201911	201911	20191230
20200131	20200131	20200131	201912	201912	20200130
20200228	20200228	20200228	202001	202001	20200227
20200331	20200331	20200331	202002	202002	20200330
20200430	20200430	20200430	202003	202003	20200429
20200529	20200529	20200529	202004	202004	20200528
20200630	20200630	20200630	202005	202005	20200629
20200731	20200731	20200731	202006	202006	20200730
20200831	20200831	20200831	202007	202007	20200828
20200930	20200930	20200930	202008	202008	20200929
20201030	20201030	20201030	202009	202009	20201029
20201130	20201130	20201130	202010	202010	20201127
20201231	20201231	20201231	202011	202011	20201230
20210129	20210129	20210129	202012	202012	20210128
20210226	20210226	20210226	202101	202101	20210225
20210331	20210331	20210331	202102	202102	20210330
20210430	20210430	20210430	202103	202103	20210429
20210531	20210531	20210531	202104	202104	20210528
20210630	20210630	20210630	202105	202105	20210629
20210730	20210730	20210730	202106	202106	20210729
20210831	20210831	20210831	202107	202107	20210830
20210930	20210930	20210930	202108	202108	20210929
20211029	20211029	20211029	202109	202109	20211028
20211130	20211130	20211130	202110	202110	20211129
20211231	20211231	20211231	202111	202111	20211230
20220131	20220131	20220131	202112	202112	20220128
20220228	20220228	20220228	202201	202201	20220225
20220331	20220331	20220331	202202	202202	20220330
20220429	20220429	20220429	202203	202203	20220428
20220531	20220531	20220531	202204	202204	20220530
20220630	20220630	20220630	202205	202205	20220629
20220729	20220729	20220729	202206	202206	20220728
20220831	20220831	20220831	202207	202207	20220830
20220930	20220930	20220930	202208	202208	20220929
20221031	20221031	20221031	202209	202209	20221028
20221130	20221130	20221130	202210	202210	20221129
20221230	20221230	20221230	202211	202211	20221229
20230131	20230131	20230131	202212	202212	20230130
20230228	20230228	20230228	202301	202301	20230227
20230331	20230331	20230331	202302	202302	20230330
20230428	20230428	20230428	202303	202303	20230427
20230531	20230531	20230531	202304	202304	20230530
20230630	20230630	20230630	202305	202305	20230629
20230731	20230731	20230731	202306	202306	20230728
20230831	20230831	20230831	202307	202307	20230830
20230929	20230929	20230929	202308	202308	20230928
20231031	20231031	20231031	202309	202309	20231030
20231130	20231130	20231130	202310	202310	20231129
20231229	20231229	20231229	202311	202311	20231228
20240131	20240131	20240131	202312	202312	20240130
20240229	20240229	20240229	202401	202401	20240228
20240329	20240329	20240329	202402	202402	20240328
20240430	20240430	20240430	202403	202403	20240429
20240531	20240531	20240531	202404	202404	20240530
20240628	20240628	20240628	202405	202405	20240627
20240731	20240731	20240731	202406	202406	20240730
20240830	20240830	20240830	202407	202407	20240829
20240930	20240930	20240930	202408	202408	20240927
20241031	20241031	20241031	202409	202409	20241030
20241129	20241129	20241129	202410	202410	20241128
20241231	20241231	20241231	202411	202411	20241230
20250131	20250131	20250131	202412	202412	20250130
20250228	20250228	20250228	202501	202501	20250227
20250331	20250331	20250331	202502	202502	20250328
20250430	20250430	20250430	202503	202503	20250429
20250530	20250530	20250530	202504	202504	20250529
20250630	20250630	20250630	202505	202505	20250627
20250731	20250731	20250731	202506	202506	20250730
20250829	20250829	20250829	202507	202507	20250828
20250930	20250930	20250930	202508	202508	20250929
20251031	20251031	20251031	202509	202509	20251030
20251128	20251128	20251128	202510	202510	20251127
20251231	20251231	20251231	202511	202511	20251230
20260130	20260130	20260130	202512	202512	20260129
20260227	20260227	20260227	202601	202601	20260226
20260331	20260331	20260331	202602	202602	20260330
20260430	20260430	20260430	202603	202603	20260429
20260529    20260529    20260529    202604    202604    20260528
20260630    20260630    20260630    202605    202605    20260629
20260731    20260731    20260731    202606    202606    20260730
