# format = weight
# date = 20180228
01346	0.000307955
01361	0.00224691
01362	0.00317917
01384	0.000416093
01419	0.000313279
01454	0.000465515
01464	0.000233459
01482	0.000890367
01484	0.00014179
01488	0.000651883
01492	5.59168e-05
01514	0.000624363
01515	3.32666e-05
01555	0.000202127
01572	0.00220823
01587	0.0006978
01616	0.000628042
01649	0.000461033
01678	0.00105925
01681	0.000561656
01682	0.00259054
01729	0.000102907
01763	0.000248474
01780	2.57042e-05
01783	0.0257183
01821	0.000109644
01846	0.000330585
01855	3.24527e-05
01875	0.0017075
01876	0.000147201
01926	0.000782421
01953	0.000329185
01961	0.000866924
01993	0.000225652
01999	0.000416953
02007	0.0014412
02022	0.000273055
02025	0.000319454
02048	0.000250108
02066	0.00173401
02071	0.000337697
02092	0.000198766
02098	3.00466e-05
02103	0.00177465
02104	0.002699
02167	1.74555e-05
02180	0.000299862
02185	0.00090826
02209	0.000485132
02210	0.000388808
02216	0.00087718
02239	0.00290947
02244	0.000310359
02281	9.38444e-05
02282	0.000440293
02284	0.000368378
02300	0.00176529
02325	6.82013e-05
02340	6.20122e-05
02343	0.00018311
02345	0.00443513
02364	0.000280276
02365	6.11841e-05
02421	0.00023577
02425	0.002518
02432	0.000107683
02449	0.000200751
02452	0.000196656
02473	0.000407741
02482	8.47642e-05
02494	0.000661147
02505	0.000665301
02511	0.000161567
02527	0.000711811
02544	6.1618e-05
02562	4.63609e-05
02565	0.000129103
02571	0.00211228
02572	0.000507197
02585	0.00121248
02605	0.00552776
02618	6.80856e-05
02630	0.000522363
02638	0.000270759
02649	0.000294474
02654	0.000589423
02681	0.000118046
02684	0.000142041
02694	0.000344033
02725	0.000100489
02730	0.000418932
02732	0.00182902
02768	0.000160244
02776	0.000736498
02787	0.000592682
02802	0.000290739
02813	0.0104961
02826	0.00096687
02831	0.000176544
0283A	0.000804168
02852	0.000932354
02859	0.000790023
02891	0.000851212
02938	0.000138369
02944	0.00144374
02962	0.00692651
0296A	0.0041537
02973	1.74749e-05
02988	0.000211113
02989	0.000709168
03015	0.000443203
03073	0.006933
03152	0.0055993
03160	0.000271591
03195	5.4171e-05
03234	0.000188049
03244	0.00106823
03259	0.00473166
03281	0.000946776
03284	0.000403988
03297	0.000449284
03302	0.0223883
03323	4.691e-05
03342	0.00159226
03349	0.000211947
03356	0.000132454
03357	0.00171951
03438	0.00208602
03467	0.00046183
03476	0.00126807
03495	0.000157614
03514	0.00109676
03531	0.000122966
03546	0.000275301
03558	0.000240263
03569	0.000647655
03581	0.000800223
03585	0.000215382
03617	5.74817e-05
03619	0.000212599
03628	0.000533221
03664	0.000605504
03669	0.000256157
03672	0.000629777
03683	0.00344878
03696	7.78795e-05
03729	0.000386608
03754	0.000663724
03755	6.77117e-05
03762	0.00701474
03764	0.000768308
03805	0.0028145
03809	0.000228393
03815	0.0023385
03832	0.000138837
03846	0.000909861
03853	0.00197871
03864	0.00203873
03877	0.000340056
03880	4.80431e-05
03920	0.000269437
03962	0.000892511
03967	0.000274886
03982	0.000874734
03983	0.000840165
03988	8.10768e-05
04006	8.00048e-05
04007	0.000151034
04031	0.000391329
0404A	0.000409887
04055	6.37e-05
04058	0.015692
04062	5.26749e-05
04090	0.00300259
04119	0.000269256
04149	0.000128955
04170	0.000203217
04177	0.0083777
04194	0.000525111
0419A	0.000335507
04209	0.00035938
0423A	5.83201e-05
04274	0.0038535
04300	0.000276094
04308	0.000315731
04319	0.000377589
04333	0.000174279
04347	0.000113931
04362	3.78919e-05
04392	0.000808703
04426	0.00030715
04435	0.000129678
04465	0.00245401
04474	0.00252983
04482	1.19824e-05
04524	0.000296572
04529	0.000146637
04549	0.00104599
04578	0.000361779
04662	0.00387063
04666	4.2705e-05
04676	0.000247208
0467A	3.42103e-05
04703	9.6782e-05
04762	0.000236927
04779	6.71216e-05
04784	0.00160216
04810	0.00063105
04818	0.000300137
04863	0.00730801
04865	0.000783881
04885	0.000284186
04894	4.74487e-05
04897	0.00453695
04907	0.00438583
04913	0.00169472
04922	0.000857705
04940	0.00141692
04971	0.000458758
04987	0.000118846
04994	0.000427526
04998	0.00036479
05005	0.0013122
05008	0.0118773
05011	0.000791343
05012	0.00508608
05020	2.70369e-05
05027	0.00184423
05045	0.000346419
05049	0.000983526
05078	0.00373775
05092	0.00364666
05102	0.000264826
05108	0.00264663
05115	0.00081907
05131	0.00039675
05145	0.00117307
05168	8.3536e-05
05183	0.00175654
05198	0.00739375
05215	0.000397084
05222	3.95557e-05
05244	0.000365564
05284	0.000166322
05316	0.00020213
05349	0.00172563
05369	2.90424e-05
05373	0.00770235
05388	0.000473334
05407	0.000192417
05417	0.000547765
05420	0.000299891
05423	0.000313126
05429	0.000213768
05435	0.00140455
05458	0.00207461
05463	0.000886681
05476	0.000383039
05481	0.0131487
05484	0.000183957
0554A	0.000814385
05556	8.52211e-05
05569	0.000232969
05579	2.67634e-05
05581	3.30407e-05
05624	3.79281e-05
05677	0.00299959
05681	0.00169141
05702	7.11381e-05
0572A	0.001515
05744	0.0002673
05769	0.000393934
05816	0.000177505
05821	0.00243876
0583A	0.00093977
05855	0.000143916
05859	0.000288301
05866	7.80802e-05
05868	0.000853632
05874	0.00020669
05881	0.00179676
05886	0.00112815
05910	0.000363061
05915	3.47587e-05
05920	1.0421e-05
05928	0.000809214
05957	0.00220516
05960	0.00089533
05964	9.34896e-05
05969	0.000759789
05978	0.000493393
05984	0.00299603
05988	0.000142979
06039	2.49224e-05
06061	0.00473143
06106	0.00167324
06135	0.000469342
06154	0.000282978
06172	3.90182e-05
06184	0.000344662
06224	0.00618621
06257	0.000308445
06264	0.00188169
0626A	3.42061e-05
06277	0.0013929
06297	0.000757923
06347	0.00432748
06402	0.000271556
06418	0.00271499
06423	7.89397e-05
06435	0.000237675
06437	0.00273174
06466	0.000854458
06489	0.00125735
06494	0.00418858
06517	0.00132145
06533	0.0010727
06536	9.01555e-05
06538	9.21187e-05
06544	0.000402255
06559	0.000175851
06562	0.000291154
06616	0.000889386
06671	0.000445185
06694	0.000514401
0671A	0.00278998
06735	6.19766e-05
06737	0.00240431
0673A	0.00030178
06770	0.00418741
06777	0.000652434
06792	0.00102948
06808	0.00229832
06832	0.0184784
06837	0.000297645
06842	0.000661536
06862	0.00293823
06882	0.000298766
06886	0.000446286
06908	0.000826925
06914	0.000454168
06918	0.000118203
06920	0.000823332
06925	0.03073
06939	0.00116094
06976	0.000307606
06977	0.000144717
06981	0.000477986
07005	9.89296e-05
07017	0.00273784
07079	0.188049
07081	7.97775e-05
07084	0.000772617
07103	0.00297083
07123	7.28702e-05
07136	0.000548088
07201	6.1225e-05
07230	0.00015141
07272	0.00373725
07283	0.00566315
07290	6.2208e-05
07311	0.000570033
07321	0.000191887
07379	0.000204796
07416	0.00131258
07429	0.00605645
07433	0.00371292
07440	0.000345346
07441	0.000390496
07486	0.00320921
07490	0.000161918
07506	0.00258692
07508	0.000510581
07558	0.0109911
07585	0.000303047
07602	0.000540395
07609	0.00655787
07619	0.000285478
07637	0.0313266
07642	0.0204189
07647	0.00124713
07655	0.00764107
07658	0.0011509
07663	6.49407e-05
07665	0.00010524
07694	0.000207667
07697	0.000755662
07719	0.000531827
07726	0.000678817
07739	0.0127915
07772	0.001049
07786	0.000668165
07788	0.000630552
07790	0.000497117
07816	0.00181708
07845	2.17273e-05
07853	0.000994483
07861	0.000339697
07872	0.00204157
07874	0.00100903
07884	0.000258613
07886	0.000323155
07908	0.000680577
07918	0.000235125
07924	0.00111329
07949	0.000833219
08003	0.00122694
08044	0.000110303
08045	0.00186918
08049	6.93418e-05
08051	0.00355297
08092	0.00029764
08132	0.00121944
08133	0.00145069
08134	0.000418113
08145	0.0262524
08155	0.000223745
08210	0.00016203
08212	0.00026936
08258	0.00111145
08263	0.00769047
08276	0.00017777
08314	0.00330971
08349	0.000382356
08353	4.94716e-05
08363	0.000514451
08370	0.00102744
08376	0.000779989
08434	0.0212075
08451	0.000835962
08453	0.000444549
08471	0.000469106
08482	0.000365088
08512	5.2393e-05
08539	0.000504405
0853A	0.000523056
08558	0.000144586
08594	0.00445962
08676	0.00112547
08686	6.55274e-05
08687	0.000222422
08747	0.000621147
08772	0.000132894
08780	0.00127065
08826	0.00203158
08828	0.000246839
08846	0.000175372
08848	0.00171224
08854	0.00207312
08879	0.00019308
08888	0.000551115
08890	6.20034e-05
08892	0.000605915
08913	0.00154252
08964	0.00934509
09010	0.000165387
09021	0.000195312
09033	0.00156769
09055	0.000729231
09072	0.000445756
09085	0.000424073
09182	1.61924e-05
0918A	2.87732e-05
09215	0.00186284
09217	0.000281666
09221	4.24741e-05
09237	2.99529e-05
09263	0.000170407
09268	0.00180011
09278	0.000321923
09283	0.000115653
09284	0.000565978
09302	9.29733e-05
09313	0.000567875
09335	0.00242775
09345	9.66624e-05
09350	0.000346692
09357	0.00520637
09360	0.00217495
09370	6.83735e-05
09417	0.00110789
09444	0.000295563
09479	0.000176083
09486	0.00510343
09503	0.00696571
09514	5.26279e-05
09529	0.00208771
09534	0.0163502
09545	0.00196149
09547	4.04661e-05
09581	0.00036146
09582	4.70281e-05
09595	0.000508468
09597	0.000112734
09599	0.000803856
09629	0.00106555
09658	0.000100969
09693	0.00111449
09730	0.000281225
09738	0.00379573
09766	2.4171e-05
09788	0.000678839
09789	9.27478e-05
09803	0.000160686
09829	0.00105359
09838	0.000128917
0987A	6.64403e-05
09881	0.00042344
09883	0.00502154
09886	0.000160872
09896	0.00145099
09906	0.000353762
09918	0.000272094
09932	0.00060537
09951	0.000714669
09986	9.34595e-05
