# format = weight
# date = 20180131
01346	0.000291433
01356	0.000207531
01361	0.00212637
01362	0.0030086
0137A	0.000579307
01384	0.00039377
01419	0.000296472
01454	0.00044054
01464	0.000220934
01482	0.000842599
01488	0.000616909
01489	0.000946733
0148A	0.00230372
01492	5.29169e-05
01514	0.000590866
01515	3.14818e-05
01555	0.000191283
01572	0.00208976
01587	0.000660363
01607	0.000151606
01616	0.000594348
01649	0.000436299
01659	0.00208684
01678	0.00100242
01681	0.000531523
01682	0.00245156
01729	9.73864e-05
01763	0.000235143
01780	2.43252e-05
01783	0.0243385
01821	0.000103762
01846	0.000312849
01855	3.07116e-05
01875	0.00161589
01876	0.000139304
01926	0.000740444
01953	0.000311524
01961	0.000820413
01993	0.000213546
01995	0.0097147
01999	0.000394583
02022	0.000258406
02025	0.000302316
02047	0.00252908
02048	0.00023669
02051	4.36013e-05
02066	0.00164098
02092	0.000188102
02103	0.00167944
02104	0.0025542
02167	1.6519e-05
02180	0.000283774
02185	0.000859531
0219A	0.000522526
02209	0.000459105
02210	0.000367949
02216	0.000830119
02239	0.00275338
02244	0.000293709
02281	8.88096e-05
02282	0.000416671
02284	0.000348614
02300	0.00167058
02303	0.00186621
02340	5.86852e-05
02344	0.00134676
02345	0.00419718
02359	8.80645e-05
02364	0.000265239
02365	5.79015e-05
02421	0.000223121
02425	0.00238291
02432	0.000101906
02449	0.000189981
02452	0.000186106
02473	0.000385865
02494	0.000625677
02505	0.000629608
02511	0.000152899
02527	0.000673622
02544	5.83122e-05
02562	4.38737e-05
02565	0.000122177
02571	0.00199896
02572	0.000479986
02585	0.00114743
02605	0.00523119
02618	6.44328e-05
02630	0.000494338
02649	0.000278675
02654	0.000557801
02681	0.000111713
02684	0.000134421
02694	0.000325576
02725	9.50973e-05
02730	0.000396456
02732	0.00173089
02768	0.000151647
02776	0.000696985
02787	0.000560885
02813	0.00993303
02826	0.000914997
02831	0.000167073
0283A	0.000761024
02852	0.000882333
02859	0.000747638
02876	0.00160899
02938	0.000130946
02944	0.00136628
0296A	0.00393085
02973	1.65374e-05
02989	0.000671121
03015	0.000419425
03073	0.00656104
03152	0.00529889
03195	5.12647e-05
03234	0.00017796
03244	0.00101092
03259	0.00447781
03268	0.0044474
03281	0.000895981
03284	0.000382314
03297	0.00042518
03302	0.0211871
03323	4.43932e-05
03342	0.00150684
03349	0.000200576
03357	0.00162726
03438	0.0019741
03467	0.000437053
03476	0.00120004
03495	0.000149158
03514	0.00103792
03531	0.000116369
03546	0.000260531
03558	0.000227373
03569	0.000612908
03581	0.000757291
03617	5.43978e-05
03619	0.000201193
03628	0.000504614
03669	0.000242414
03672	0.000595989
03729	0.000365866
03754	0.000628115
03755	6.40789e-05
03762	0.0066384
03764	0.000727088
03773	0.000273157
03776	0.00383816
03797	0.00149358
03805	0.0026635
03809	0.00021614
03815	0.00221304
03832	0.000131388
03846	0.000861046
03853	0.00187255
03864	0.00192935
03877	0.000321812
03880	4.54656e-05
03920	0.000254981
03944	0.00429893
03961	0.000203316
03962	0.000844628
03981	0.00109298
03982	0.000827804
03983	0.00079509
04006	7.57126e-05
04007	0.000142931
04031	0.000370334
0404A	0.000387896
04055	6.02825e-05
04058	0.0148501
04062	4.98489e-05
04071	0.00118534
04090	0.0028415
04119	0.00025481
04149	0.000122036
04170	0.000192314
04177	0.00792824
04194	0.000496939
0419A	0.000317507
04209	0.0003401
0423A	5.51912e-05
04274	0.00364676
04300	0.000261282
04308	0.000298792
04319	0.000357331
04333	0.000164929
04347	0.000107818
04362	3.5859e-05
04392	0.000765316
04426	0.000290671
04435	0.000122721
04465	0.00232235
04474	0.00239411
04482	1.13396e-05
04524	0.00028066
04529	0.00013877
04549	0.000989874
04578	0.00034237
04662	0.00366297
04666	4.04139e-05
04676	0.000233945
04689	0.0002126
04703	9.15896e-05
04779	6.35206e-05
04784	0.0015162
04810	0.000597194
04818	0.000284035
04854	0.00989696
04865	0.000741826
04873	2.01227e-05
04885	0.000268939
04894	4.49031e-05
04897	0.00429354
04907	0.00415053
04911	0.000442726
04913	0.0016038
04918	0.00197351
04922	0.000811689
04940	0.0013409
04966	0.0163654
04971	0.000434145
04994	0.000404589
04998	0.000345219
05005	0.0012418
05008	0.01124
05011	0.000748887
05012	0.00481321
05020	2.55863e-05
05027	0.00174529
05045	0.000327834
05049	0.000930759
05078	0.00353721
05092	0.00345102
05102	0.000250618
05115	0.000775127
05131	0.000375464
05168	7.90543e-05
05180	7.3269e-06
05183	0.0016623
05189	0.000209819
05198	0.00699707
05215	0.000375781
05222	3.74336e-05
05244	0.000345952
05282	0.00201206
05284	0.000157399
05285	0.0011694
05316	0.000191286
05369	2.74842e-05
05373	0.00728912
05388	0.000447939
05416	0.00162148
05423	0.000296327
05429	0.000202299
05435	0.0013292
05458	0.0019633
05463	0.000839111
05476	0.000362489
05481	0.0124433
0554A	0.000770693
05556	8.0649e-05
05569	0.00022047
05579	2.53276e-05
05580	0.00222301
05581	3.1268e-05
05624	3.58933e-05
05654	0.000814216
05659	0.0047006
05677	0.00283866
05681	0.00160067
05702	6.73215e-05
0572A	0.00143372
05744	0.000252959
05773	0.00141608
05816	0.000167982
0583A	0.000889351
05855	0.000136195
05859	0.000272833
05866	7.38912e-05
05868	0.000807835
05873	0.00229119
05874	0.000195601
05881	0.00170036
05886	0.00106763
05910	0.000343583
05915	3.28939e-05
05920	9.86195e-06
05928	0.0007658
05957	0.00208685
05960	0.000847295
05964	8.84739e-05
05969	0.000719026
05978	0.000466923
05984	0.0028353
06039	2.35853e-05
06061	0.00447759
06106	0.00158347
06172	3.69249e-05
06184	0.00032617
06224	0.00585432
06257	0.000291897
06263	0.000513481
06264	0.00178074
0626A	3.23709e-05
06347	0.00409531
06402	0.000256987
06418	0.00256933
06437	0.00258518
06454	0.000748744
06466	0.000808616
06477	0.000652017
06489	0.00118989
06494	0.00396386
06517	0.00125055
06533	0.00101515
06536	8.53187e-05
06544	0.000380674
06559	0.000166417
06562	0.000275533
06616	0.00084167
06671	0.000421301
06694	0.000486804
0671A	0.0026403
06735	5.86516e-05
06737	0.00227532
0673A	0.00028559
06751	0.00122467
06777	0.00061743
06792	0.000974249
06801	0.00176987
06808	0.00217502
06832	0.017487
06837	0.000281677
06886	0.000422343
06908	0.00078256
06914	0.000429802
06918	0.000111861
06920	0.00077916
06925	0.0290814
06976	0.000291103
06977	0.000136953
06981	0.000452342
07005	9.3622e-05
07017	0.00259095
07045	0.00541768
07079	0.17796
07081	7.54975e-05
07084	0.000731166
07103	0.00281145
07123	6.89607e-05
07136	0.000518683
07173	3.25578e-05
07201	5.79402e-05
07230	0.000143287
07283	0.00535932
07290	5.88705e-05
07311	0.00053945
07379	0.000193809
07393	0.00493884
07416	0.00124216
07429	0.00573152
07433	0.00351372
07440	0.000326818
07441	0.000369546
07461	0.0219293
07486	0.00303704
07506	0.00244813
07508	0.000483188
07558	0.0104015
07585	0.000286789
07602	0.000511403
07609	0.00620604
07619	0.000270162
07636	4.10997e-05
07637	0.0296459
07642	0.0193234
07647	0.00118022
07655	0.00723112
07658	0.00108916
07663	6.14566e-05
07685	0.00384769
07694	0.000196526
07697	0.00071512
07719	0.000503295
07739	0.0121052
07772	0.000992718
07786	0.000632318
07788	0.000596723
07816	0.00171959
07845	2.05617e-05
07853	0.000941129
07861	0.000321473
07872	0.00193204
07874	0.0009549
07886	0.000305818
07918	0.00022251
07924	0.00105356
07949	0.000788516
08003	0.00116111
08044	0.000104385
08045	0.0017689
08051	0.00336235
08092	0.000281671
08093	0.00172936
08130	0.000385345
08132	0.00115402
08155	0.000211741
08210	0.000153337
08258	0.00105182
08263	0.00727788
08276	0.000168233
08300	0.000715096
08314	0.00313215
08349	0.000361842
08353	4.68174e-05
08363	0.000486851
08370	0.000972315
08376	0.000738142
08427	0.000132602
08434	0.0200697
08451	0.000791113
08453	0.000420699
08471	0.000443938
08482	0.000345501
08499	0.000609778
08512	4.95821e-05
08539	0.000477343
0853A	0.000494994
08558	0.000136829
08580	0.00126156
08594	0.00422036
08676	0.00106509
08686	6.20119e-05
08687	0.000210489
08712	0.00143631
08747	0.000587822
08772	0.000125764
08773	0.000227791
08826	0.00192259
08828	0.000233596
08846	0.000165963
08858	0.000107045
08860	7.9113e-06
08879	0.000182721
08888	0.000521548
08890	5.86769e-05
08892	0.000573408
08964	0.00884373
09010	0.000156514
09021	0.000184833
09055	0.000690108
09072	0.000421842
09085	0.000401321
09182	1.53237e-05
0918A	2.72295e-05
09215	0.0017629
09217	0.000266555
09220	8.51704e-05
09221	4.01953e-05
09225	0.000145378
09226	0.000984427
09232	0.00137742
09237	2.83459e-05
09263	0.000161264
09265	0.00146772
09268	0.00170353
09283	0.000109448
09284	0.000535614
09302	8.79853e-05
09313	0.000537408
09323	0.002995
09335	0.0022975
09345	9.14765e-05
09350	0.000328092
09357	0.00492705
09370	6.47053e-05
09444	0.000279706
09486	0.00482963
09503	0.006592
09514	4.98044e-05
09529	0.0019757
09534	0.015473
09545	0.00185625
09574	0.000843039
09581	0.000342068
09582	4.45051e-05
09595	0.000481189
09597	0.000106686
09599	0.000760729
09629	0.00100838
09658	9.55521e-05
09693	0.0010547
09710	0.00018306
09730	0.000266138
09738	0.00359209
09788	0.000642419
09803	0.000152065
09837	0.00071385
09838	0.000122
0987A	6.28758e-05
09881	0.000400722
09883	0.00475213
09886	0.000152241
09896	0.00137314
09906	0.000334783
09918	0.000257496
09934	0.000279211
09951	0.000676327
09982	5.43825e-05
09986	8.84453e-05
