# format = weight
# date = 20181031
01346	0.00029532
01356	0.000210299
01361	0.00215473
01362	0.00304873
0137A	0.000587034
01384	0.000399022
01419	0.000300426
01454	0.000446416
01464	0.000223881
01482	0.000853838
01488	0.000625138
01489	0.00095936
0148A	0.00233444
01492	5.36227e-05
01514	0.000598747
01572	0.00211764
01587	0.000669171
01607	0.000153629
01616	0.000602275
01649	0.000442118
01659	0.00211467
01678	0.00101579
01681	0.000538613
01682	0.00248426
01729	9.86854e-05
01763	0.000238279
01780	2.46496e-05
01783	0.0246632
01821	0.000105145
01846	0.000317022
01875	0.00163745
01926	0.000750319
01953	0.000315679
01995	0.00984427
01999	0.000399846
02007	0.00138207
02022	0.000261852
02025	0.000306348
02029	0.000268371
02047	0.00256282
02048	0.000239847
02051	4.41829e-05
02066	0.00166287
02071	0.000323842
02092	0.000190611
02098	2.88138e-05
02103	0.00170184
02104	0.00258827
02167	1.67393e-05
02180	0.000287559
02185	0.000870996
0219A	0.000529496
02209	0.000465228
02210	0.000372856
02239	0.0027901
02244	0.000297626
02281	8.99942e-05
02282	0.000422229
02284	0.000353264
02300	0.00169286
02303	0.0018911
02325	6.54031e-05
02340	5.9468e-05
02343	0.000175598
02344	0.00136473
02345	0.00425317
02359	8.92391e-05
02364	0.000268777
02365	5.86738e-05
02421	0.000226096
02425	0.00241469
02432	0.000103265
02449	0.000192514
02452	0.000188588
02473	0.000391012
02482	8.12865e-05
02494	0.000634022
02505	0.000638005
02511	0.000154938
02527	0.000682607
02562	4.44588e-05
02563	0.00257861
02565	0.000123807
02571	0.00202562
02572	0.000486388
02585	0.00116273
02618	6.52921e-05
02630	0.000500931
02638	0.000259651
02654	0.000565241
02681	0.000113203
02684	0.000136214
02694	0.000329918
02725	9.63657e-05
02732	0.00175398
02776	0.000706281
02787	0.000568366
02802	0.00027881
02813	0.0100655
02826	0.000927201
02831	0.000169301
0283A	0.000771175
02852	0.000894101
02859	0.00075761
02876	0.00163045
02891	0.000816289
02938	0.000132692
02962	0.00664233
0296A	0.00398328
02973	1.6758e-05
02988	0.000202451
02989	0.000680072
03007	0.000119786
03073	0.00664855
03152	0.00536957
03160	0.000260448
03195	5.19484e-05
03268	0.00450672
03281	0.000907932
03284	0.000387413
03297	0.000430851
03323	4.49854e-05
03342	0.00152694
03349	0.000203251
03356	0.000127019
03438	0.00200043
03455	0.000970832
03467	0.000442882
03476	0.00121604
03531	0.000117921
03546	0.000264006
0355A	0.000222866
03569	0.000621083
03581	0.000767392
03585	0.000206545
03617	5.51233e-05
03619	0.000203876
03628	0.000511344
03664	0.000580662
03669	0.000245648
03672	0.000603938
03690	0.00375491
03729	0.000370746
03754	0.000636492
03755	6.49336e-05
03762	0.00672694
03764	0.000736786
03773	0.0002768
03776	0.00388935
03797	0.0015135
03809	0.000219022
03815	0.00224256
03832	0.000133141
03846	0.000872531
03853	0.00189753
03864	0.00195509
03877	0.000326105
03880	4.6072e-05
03920	0.000258382
03961	0.000206028
03962	0.000855893
03967	0.000263608
03981	0.00110756
03982	0.000838846
03983	0.000805695
03988	7.77504e-05
04006	7.67224e-05
04007	0.000144837
04031	0.000375274
0404A	0.00039307
04055	6.10865e-05
04058	0.0150482
04062	5.05137e-05
04071	0.00120115
04090	0.0028794
04119	0.000258209
04149	0.000123664
04170	0.000194879
04177	0.00803398
04194	0.000503567
0419A	0.000321742
04209	0.000344636
0423A	5.59274e-05
04274	0.0036954
04300	0.000264767
04308	0.000302777
04319	0.000362097
04333	0.000167128
04347	0.000109256
04362	3.63373e-05
04465	0.00235332
04474	0.00242604
04524	0.000284404
04529	0.000140621
04662	0.00371183
04676	0.000237066
0467A	3.28067e-05
04689	0.000215436
04703	9.28112e-05
04713	0.00127809
0471A	0.000891005
04762	0.000227206
04779	6.43678e-05
04784	0.00153642
04818	0.000287823
04854	0.010029
04863	0.00700818
04865	0.00075172
04873	2.03911e-05
04885	0.000272526
04894	4.5502e-05
04897	0.00435081
04907	0.00420589
04911	0.000448631
04918	0.00199983
04922	0.000822516
04940	0.00135879
04966	0.0165837
04971	0.000439936
04987	0.00011397
04994	0.000409986
04998	0.000349823
05005	0.00125836
05011	0.000758875
05012	0.00487741
05027	0.00176857
05045	0.000332207
05049	0.000943174
05078	0.00358439
05092	0.00349705
05102	0.00025396
05108	0.00253805
05115	0.000785465
05131	0.000380472
05145	0.00112494
05180	7.42463e-06
05183	0.00168447
05189	0.000212618
05198	0.0070904
05215	0.000380793
05244	0.000350566
05282	0.0020389
05285	0.001185
05316	0.000193837
05349	0.00165483
05369	2.78508e-05
05373	0.00738634
05388	0.000453914
05407	0.000184523
05416	0.00164311
05417	0.000525292
05420	0.000287587
05423	0.000300279
05429	0.000204997
05435	0.00134693
05458	0.00198949
05463	0.000850303
05476	0.000367324
05481	0.0126092
05484	0.000176409
0554A	0.000780973
05556	8.17247e-05
05569	0.000223411
05579	2.56654e-05
05580	0.00225266
05581	3.16851e-05
05624	3.6372e-05
05654	0.000825076
05677	0.00287653
0572A	0.00145285
05744	0.000256333
05764	1.96547e-05
05769	0.000377771
05816	0.000170222
05821	0.00233871
0583A	0.000901213
05855	0.000138012
05859	0.000276472
05866	7.48767e-05
05868	0.00081861
05873	0.00232175
05874	0.00019821
05881	0.00172304
05910	0.000348165
05920	9.99349e-06
05957	0.00211469
05964	8.96539e-05
05978	0.00047315
05984	0.00287311
05988	0.000137113
06061	0.00453731
06106	0.00160459
06135	0.000450086
06172	3.74174e-05
06184	0.000330521
06224	0.0059324
06257	0.00029579
06263	0.00052033
06264	0.00180449
06277	0.00133575
06347	0.00414993
06402	0.000260415
06418	0.0026036
06423	7.5701e-05
06435	0.000227924
06437	0.00261966
06454	0.00075873
06466	0.000819401
06477	0.000660714
06489	0.00120577
06494	0.00401673
06517	0.00126723
06533	0.00102869
06536	8.64566e-05
06538	8.83392e-05
06544	0.000385751
06559	0.000168636
06616	0.000852896
06671	0.00042692
0671A	0.00267551
06735	5.94339e-05
06737	0.00230567
0673A	0.000289399
06751	0.001241
06770	0.00401561
06777	0.000625666
06792	0.000987243
06801	0.00179348
06808	0.00220403
06832	0.0177203
06837	0.000285433
06842	0.000634395
06862	0.00281768
06882	0.000286509
06886	0.000427976
06908	0.000792998
06914	0.000435534
06920	0.000789553
06925	0.0294693
06939	0.00111331
06967	0.00215525
06976	0.000294986
07005	9.48707e-05
07017	0.00262551
07045	0.00548994
07079	0.180334
07081	7.65044e-05
07084	0.000740918
07103	0.00284894
07123	6.98805e-05
07136	0.000525601
07201	5.8713e-05
07230	0.000145198
07249	0.000499073
07272	0.00358391
07290	5.96557e-05
07311	0.000546645
07379	0.000196394
07393	0.00500471
07416	0.00125872
07429	0.00580797
07433	0.00356059
07440	0.000331177
07441	0.000374475
07461	0.0222218
07486	0.00307755
07490	0.000155275
07506	0.00248078
07508	0.000489633
07558	0.0105402
07585	0.000290614
07602	0.000518224
07609	0.00628881
07619	0.000273765
07636	4.16479e-05
07637	0.0300413
07642	0.0195812
07645	0.000277874
07647	0.00119596
07658	0.00110369
07663	6.22763e-05
07685	0.00389901
07694	0.000199147
07719	0.000510008
07726	0.000650966
07739	0.0122667
07772	0.00100596
07786	0.000640752
07788	0.000604682
07790	0.000476721
07816	0.00174253
07853	0.000953681
07861	0.00032576
07884	0.000248003
07886	0.000309897
07908	0.000652654
07918	0.000225478
07924	0.00106761
07949	0.000799033
08003	0.0011766
08044	0.000105778
08045	0.00179249
08049	6.64969e-05
08051	0.0034072
08092	0.000285428
08093	0.00175243
08132	0.00116941
08134	0.000400959
08145	0.0251753
08155	0.000214565
08173	0.000339684
08178	0.00166103
08212	0.000258308
08258	0.00106585
08263	0.00737495
08276	0.000170477
08300	0.000724634
08314	0.00317392
08349	0.000366668
08353	4.74419e-05
08363	0.000493344
08370	0.000985283
08376	0.000747987
08427	0.000134371
08434	0.0203374
08453	0.00042631
08471	0.000449859
08482	0.000350109
08499	0.000617911
08512	5.02434e-05
08558	0.000138654
08580	0.00127839
08594	0.00427665
08676	0.0010793
08686	6.2839e-05
08687	0.000213296
08712	0.00145547
08772	0.000127442
08773	0.000230829
08780	0.00121852
08826	0.00194823
08828	0.000236712
08846	0.000168177
08848	0.00164199
08854	0.00198806
08858	0.000108473
08860	8.01682e-06
08879	0.000185158
08888	0.000528504
08890	5.94595e-05
08892	0.000581056
08913	0.00147923
08964	0.00896168
09010	0.000158602
09021	0.000187299
09033	0.00150337
09055	0.000699312
09072	0.000427468
09085	0.000406674
0918A	2.75927e-05
09215	0.00178641
09217	0.00027011
09221	4.07315e-05
09225	0.000147317
09226	0.000997557
09237	2.8724e-05
09265	0.0014873
09268	0.00172625
09278	0.000308716
09283	0.000110908
09284	0.000542758
09302	8.91588e-05
09313	0.000544576
09323	0.00303495
09335	0.00232815
09345	9.26966e-05
09350	0.000332468
09360	0.00208571
09417	0.00106243
09444	0.000283437
09479	0.000168858
09486	0.00489405
09514	5.04687e-05
09529	0.00200205
09534	0.0156794
09545	0.00188101
09547	3.88059e-05
09574	0.000854283
09581	0.00034663
09582	4.50987e-05
09595	0.000487607
09597	0.000108109
09599	0.000770875
09629	0.00102183
09658	9.68265e-05
09710	0.000185502
09730	0.000269687
09738	0.00364
09766	2.31793e-05
09788	0.000650987
09789	8.89426e-05
09803	0.000154093
0987A	6.37144e-05
09881	0.000406067
09883	0.00481551
09886	0.000154272
09896	0.00139146
09906	0.000339248
09918	0.000260931
09932	0.000580533
09934	0.000282935
09951	0.000685347
09982	5.51079e-05
09986	8.9625e-05
