# format = weight
# date = 20181231
01346	0.000290066
01356	0.000206558
01361	0.0021164
01362	0.0029945
0137A	0.000576591
01384	0.000391923
01419	0.000295082
01454	0.000438474
01482	0.000838648
01484	0.000133554
01488	0.000614017
01489	0.000942294
0148A	0.00229292
01492	5.26688e-05
01515	3.13342e-05
01555	0.000190386
01572	0.00207996
01587	0.000657267
01607	0.000150896
01616	0.000591561
01649	0.000434253
01659	0.00207705
01678	0.000997719
01681	0.000529031
01682	0.00244006
01729	9.69298e-05
01763	0.00023404
01783	0.0242244
01821	0.000103275
01846	0.000311382
01875	0.00160832
01876	0.000138651
01926	0.000736972
01961	0.000816566
01993	0.000212544
01995	0.00966915
02007	0.00135748
02022	0.000257194
02025	0.000300898
02029	0.000263597
02048	0.00023558
02051	4.33969e-05
02066	0.00163328
02071	0.000318081
02092	0.00018722
02098	2.83012e-05
02103	0.00167156
02180	0.000282443
02185	0.000855501
0219A	0.000520076
02209	0.000456952
02210	0.000366223
02216	0.000826226
02239	0.00274047
02244	0.000292331
02281	8.83932e-05
02282	0.000414718
02284	0.000346979
02300	0.00166275
02303	0.00185746
02325	6.42396e-05
02340	5.84101e-05
02343	0.000172474
02344	0.00134045
02345	0.0041775
02359	8.76516e-05
02364	0.000263996
02365	5.763e-05
02421	0.000222074
02425	0.00237173
02432	0.000101428
02452	0.000185233
02473	0.000384056
02482	7.98404e-05
02494	0.000622743
02505	0.000626655
02511	0.000152182
02527	0.000670464
02562	4.36679e-05
02563	0.00253273
02565	0.000121604
02571	0.00198958
02572	0.000477736
02605	0.00520667
02618	6.41306e-05
02630	0.00049202
02649	0.000277368
02654	0.000555185
02681	0.000111189
02684	0.000133791
02694	0.000324049
02725	9.46514e-05
02730	0.000394597
02732	0.00172278
02768	0.000150936
02776	0.000693717
02787	0.000558255
02802	0.000273851
02813	0.00988645
02826	0.000910707
02831	0.000166289
0283A	0.000757456
02859	0.000744133
02876	0.00160145
02891	0.000801767
02944	0.00135987
0296A	0.00391242
02973	1.64598e-05
02988	0.00019885
02989	0.000667974
03007	0.000117655
03015	0.000417458
03073	0.00653028
03152	0.00527405
03160	0.000255815
03195	5.10243e-05
03244	0.00100618
03259	0.00445681
03268	0.00442655
03281	0.00089178
03284	0.000380521
03302	0.0210878
03323	4.41851e-05
03342	0.00149977
03356	0.00012476
03357	0.00161963
03438	0.00196485
03455	0.000953562
03467	0.000435003
03495	0.000148458
03514	0.00103306
03531	0.000115823
03546	0.000259309
03558	0.000226307
0355A	0.000218901
03569	0.000610034
03617	5.41427e-05
03628	0.000502248
03664	0.000570332
03683	0.00324845
03690	0.00368811
03696	7.33557e-05
03729	0.00036415
03755	6.37785e-05
03764	0.000723679
03773	0.000271876
03776	0.00382016
03797	0.00148658
03805	0.00265101
03809	0.000215126
03815	0.00220266
03846	0.000857009
03853	0.00186377
03864	0.00192031
03877	0.000320303
03880	4.52524e-05
03920	0.000253786
03944	0.00427877
03961	0.000202363
03962	0.000840667
03967	0.000258919
03981	0.00108785
03988	7.63672e-05
04006	7.53575e-05
04007	0.00014226
04031	0.000368598
0404A	0.000386077
04058	0.0147805
04062	4.96151e-05
04071	0.00117978
04119	0.000253615
04149	0.000121464
04170	0.000191412
04177	0.00789106
04194	0.000494609
0419A	0.000316019
04209	0.000338505
04274	0.00362966
04300	0.000260057
04308	0.000297391
04319	0.000355656
04333	0.000164155
04347	0.000107313
04362	3.56909e-05
04392	0.000761728
04435	0.000122145
04465	0.00231146
04474	0.00238288
04482	1.12864e-05
04549	0.000985232
04662	0.0036458
04666	4.02244e-05
0467A	3.22231e-05
04689	0.000211603
04703	9.11601e-05
04713	0.00125536
0471A	0.000875155
04762	0.000223164
04779	6.32227e-05
04784	0.00150909
04810	0.000594394
04818	0.000282703
04854	0.00985056
04863	0.0068835
04865	0.000738347
04873	2.00283e-05
04885	0.000267678
04894	4.46925e-05
04897	0.00427341
04907	0.00413107
04911	0.00044065
04913	0.00159628
04922	0.000807883
04940	0.00133462
04966	0.0162887
04971	0.00043211
04987	0.000111942
04994	0.000402692
04998	0.0003436
05005	0.00123598
05008	0.0111873
05011	0.000745375
05020	2.54664e-05
05045	0.000326297
05049	0.000926395
05078	0.00352063
05102	0.000249443
05108	0.0024929
05115	0.000771492
05131	0.000373704
05168	7.86836e-05
05180	7.29255e-06
05183	0.00165451
05189	0.000208835
05198	0.00696426
05215	0.000374019
05222	3.7258e-05
05282	0.00200263
05284	0.000156661
05285	0.00116392
05316	0.000190389
05349	0.00162539
05369	2.73554e-05
05373	0.00725494
05388	0.000445839
05407	0.00018124
05416	0.00161388
05417	0.000515947
05420	0.000282471
05423	0.000294937
05429	0.00020135
05435	0.00132297
05463	0.000835176
05476	0.000360789
05481	0.0123849
05484	0.000173271
0554A	0.000767079
05556	8.02708e-05
05579	2.52088e-05
05580	0.00221259
05581	3.11214e-05
05624	3.5725e-05
05654	0.000810398
05659	0.00467856
05677	0.00282535
05702	6.70059e-05
05744	0.000251773
05764	1.93051e-05
05769	0.000371051
05773	0.00140944
05816	0.000167194
05821	0.0022971
0583A	0.000885181
05859	0.000271554
05866	7.35447e-05
05868	0.000804047
05873	0.00228044
05874	0.000194684
05881	0.00169239
05886	0.00106262
05910	0.000341972
05915	3.27396e-05
05920	9.81571e-06
05928	0.000762209
05957	0.00207707
05964	8.8059e-05
05978	0.000464733
05984	0.002822
05988	0.000134674
06039	2.34747e-05
06061	0.00445659
06106	0.00157604
06154	0.000266541
06172	3.67518e-05
06224	0.00582687
06257	0.000290528
06263	0.000511073
06264	0.00177239
0626A	3.22191e-05
06277	0.00131199
06297	0.000713897
06347	0.00407611
06402	0.000255782
06423	7.43543e-05
06435	0.000223869
06437	0.00257306
06454	0.000745233
06466	0.000804824
06477	0.00064896
06489	0.00118432
06494	0.00394527
06517	0.00124469
06533	0.00101039
06538	8.67677e-05
06544	0.000378889
06559	0.000165637
06562	0.000274241
06616	0.000837724
06671	0.000419326
06694	0.000484521
0671A	0.00262792
06737	0.00226465
06751	0.00121893
06770	0.00394417
06777	0.000614535
06801	0.00176157
06837	0.000280356
06842	0.000623109
06862	0.00276755
06882	0.000281412
06886	0.000420362
06908	0.000778891
06914	0.000427786
06918	0.000111337
06925	0.028945
06939	0.00109351
06967	0.00211691
06976	0.000289738
06977	0.000136311
06981	0.000450221
07005	9.3183e-05
07017	0.0025788
07045	0.00539228
07079	0.177126
07081	7.51435e-05
07103	0.00279826
07123	6.86374e-05
07136	0.000516251
07173	3.24052e-05
07201	5.76686e-05
07230	0.000142615
07249	0.000490195
07272	0.00352016
07283	0.0053342
07290	5.85945e-05
07311	0.000536921
07379	0.0001929
07393	0.00491568
07429	0.00570465
07433	0.00349724
07440	0.000325285
07441	0.000367813
07461	0.0218265
07486	0.0030228
07490	0.000152513
07506	0.00243665
07508	0.000480922
07558	0.0103527
07602	0.000509005
07609	0.00617694
07619	0.000268895
07636	4.0907e-05
07637	0.0295069
07642	0.0192328
07645	0.000272931
07647	0.00117469
07655	0.00719721
07658	0.00108405
07663	6.11685e-05
07685	0.00382964
07694	0.000195604
07719	0.000500935
07726	0.000639386
07739	0.0120485
07772	0.000988063
07786	0.000629353
07790	0.000468241
07816	0.00171153
07845	2.04652e-05
07853	0.000936716
07861	0.000319965
07872	0.00192298
07884	0.000243591
07918	0.000221467
07924	0.00104862
07949	0.000784819
08003	0.00115567
08044	0.000103896
08045	0.0017606
08049	6.53139e-05
08051	0.00334659
08092	0.00028035
08093	0.00172125
08132	0.0011486
08134	0.000393826
08145	0.0247275
08155	0.000210748
08173	0.000333641
08210	0.000152618
08258	0.00104689
08263	0.00724375
08276	0.000167444
08300	0.000711743
08314	0.00311746
08349	0.000360145
08353	4.65979e-05
08363	0.000484568
08376	0.000734681
08434	0.0199756
08451	0.000787403
08453	0.000418726
08471	0.000441856
08499	0.000606918
08512	4.93496e-05
08539	0.000475105
0853A	0.000492673
08558	0.000136187
08580	0.00125565
08594	0.00420057
08676	0.0010601
08686	6.17211e-05
08687	0.000209502
08712	0.00142958
08747	0.000585066
08772	0.000125174
08773	0.000226723
08780	0.00119684
08826	0.00191357
08828	0.000232501
08846	0.000165185
08848	0.00161278
08854	0.0019527
08858	0.000106543
08860	7.8742e-06
08879	0.000181864
08913	0.00145291
08964	0.00880226
09010	0.00015578
09021	0.000183967
09033	0.00147663
09055	0.000686872
09085	0.000399439
09182	1.52519e-05
0918A	2.71018e-05
09215	0.00175463
09217	0.000265305
09220	8.4771e-05
09225	0.000144696
09226	0.000979811
09232	0.00137096
09237	2.8213e-05
09263	0.000160508
09268	0.00169554
09278	0.000303224
09283	0.000108935
09302	8.75727e-05
09313	0.000534888
09323	0.00298096
09335	0.00228673
09345	9.10475e-05
09350	0.000326553
09357	0.00490395
09370	6.44019e-05
09417	0.00104353
09444	0.000278394
09479	0.000165854
09486	0.00480699
09503	0.00656109
09514	4.95709e-05
09529	0.00196644
09534	0.0154005
09545	0.00184755
09581	0.000340464
09582	4.42964e-05
09595	0.000478933
09597	0.000106185
09599	0.000757162
09658	9.5104e-05
09730	0.00026489
09738	0.00357525
09766	2.2767e-05
09788	0.000639406
09789	8.73603e-05
09803	0.000151352
09829	0.000992391
09838	0.000121428
0987A	6.2581e-05
09883	0.00472985
09886	0.000151527
09896	0.0013667
09906	0.000333213
09918	0.000256289
09932	0.000570205
09934	0.000277902
09951	0.000673155
09986	8.80306e-05
