# format = weight
# date = 20181130
01346	0.000285593
01356	0.000203373
01361	0.00208376
01362	0.00294832
0137A	0.000567699
01384	0.000385879
01419	0.000290531
01454	0.000431712
01464	0.000216507
01482	0.000825715
01484	0.000131494
01489	0.000927762
0148A	0.00225756
01492	5.18565e-05
01514	0.000579026
01515	3.0851e-05
01555	0.00018745
01572	0.00204789
01587	0.000647131
01607	0.000148569
01616	0.000582438
01659	0.00204502
01681	0.000520872
01682	0.00240244
01729	9.5435e-05
01763	0.000230431
01780	2.38377e-05
01783	0.0238508
01821	0.000101682
01846	0.00030658
01855	3.00962e-05
01926	0.000725606
01953	0.000305281
01961	0.000803974
01993	0.000209267
01995	0.00952003
01999	0.000386677
02007	0.00133655
02025	0.000296258
02029	0.000259532
02047	0.00247841
02048	0.000231947
02051	4.27277e-05
02066	0.0016081
02071	0.000313176
02092	0.000184333
02098	2.78648e-05
02103	0.00164578
02104	0.00250302
02167	1.6188e-05
02180	0.000278088
0219A	0.000512056
02209	0.000449905
02210	0.000360576
02216	0.000813485
02239	0.0026982
02244	0.000287823
02281	8.70301e-05
02284	0.000341628
02300	0.00163711
02303	0.00182881
02325	6.32489e-05
02340	5.75093e-05
02343	0.000169814
02344	0.00131978
02345	0.00411308
02359	8.62999e-05
02364	0.000259924
02365	5.67413e-05
02421	0.00021865
02452	0.000182377
02482	7.86092e-05
02494	0.000613139
02505	0.000616991
02527	0.000660124
02544	5.71437e-05
02562	4.29945e-05
02565	0.000119729
02571	0.0019589
02572	0.000470368
02585	0.00112444
02605	0.00512637
02630	0.000484432
02638	0.000251099
02654	0.000546623
02681	0.000109474
02684	0.000131727
02694	0.000319052
02725	9.31917e-05
02730	0.000388512
02768	0.000148608
02787	0.000549646
02802	0.000269627
02813	0.00973399
02826	0.000896662
02831	0.000163725
0283A	0.000745775
02852	0.000864652
02859	0.000732657
02891	0.000789403
02938	0.000128322
02944	0.0013389
02962	0.00642355
0296A	0.00385208
02973	1.6206e-05
02988	0.000195783
02989	0.000657673
03007	0.00011584
03015	0.00041102
03073	0.00642957
03152	0.00519271
03160	0.00025187
03195	5.02374e-05
03234	0.000174394
03244	0.000990665
03268	0.00435829
03281	0.000878028
03284	0.000374653
03297	0.00041666
03302	0.0207626
03323	4.35037e-05
03349	0.000196557
03356	0.000122836
03357	0.00159465
03455	0.000938856
03467	0.000428295
03476	0.00117599
03495	0.000146169
03531	0.000114037
03546	0.00025531
03558	0.000222817
03569	0.000600626
03585	0.000199743
03617	5.33078e-05
03619	0.000197161
03664	0.000561536
03672	0.000584047
03683	0.00319836
03690	0.00363124
03696	7.22244e-05
03729	0.000358535
03754	0.000615528
03755	6.27949e-05
03762	0.00650538
03764	0.000712519
03773	0.000267683
03776	0.00376125
03797	0.00146365
03805	0.00261013
03815	0.00216869
03832	0.000128756
03846	0.000843793
03864	0.00189069
03880	4.45546e-05
03920	0.000249872
03944	0.00421279
03961	0.000199242
03962	0.000827703
03967	0.000254926
03981	0.00107108
03982	0.000811217
03983	0.000779158
03988	7.51896e-05
04031	0.000362913
0404A	0.000380123
04058	0.0145525
04062	4.885e-05
04090	0.00278456
04119	0.000249704
04149	0.000119591
04170	0.000188461
04177	0.00776937
04194	0.000486981
0419A	0.000311145
04209	0.000333285
0423A	5.40853e-05
04274	0.00357369
04308	0.000292805
04319	0.000350171
04333	0.000161624
04362	3.51405e-05
04392	0.000749981
04426	0.000284847
04435	0.000120262
04465	0.00227581
04474	0.00234614
04482	1.11124e-05
04524	0.000275036
04549	0.000970039
04578	0.000335509
04662	0.00358957
04666	3.96041e-05
04676	0.000229258
0467A	3.17262e-05
04689	0.00020834
04703	8.97543e-05
04713	0.001236
0471A	0.000861659
04762	0.000219723
04779	6.22477e-05
04784	0.00148582
04810	0.000585227
04854	0.00969865
04865	0.000726961
04873	1.97195e-05
04885	0.00026355
04894	4.40033e-05
04897	0.0042075
04907	0.00406736
04911	0.000433855
04913	0.00157166
04918	0.00193396
04922	0.000795425
04966	0.0160375
04971	0.000425446
04987	0.000110216
04994	0.000396482
04998	0.000338301
05005	0.00121692
05008	0.0110148
05011	0.000733881
05027	0.00171032
05045	0.000321265
05049	0.000912109
05078	0.00346634
05092	0.00338187
05102	0.000245596
05108	0.00245445
05115	0.000759595
05131	0.000367941
05168	7.74702e-05
05180	7.18008e-06
05183	0.00162899
05198	0.00685686
05215	0.000368251
05222	3.66835e-05
05244	0.000339019
05282	0.00197174
05284	0.000154245
05316	0.000187453
05369	2.69335e-05
05373	0.00714306
05388	0.000438963
05407	0.000178445
05417	0.00050799
05420	0.000278115
05423	0.000290389
05429	0.000198245
05435	0.00130257
05458	0.00192396
05463	0.000822297
05476	0.000355225
05481	0.0121939
05484	0.000170599
05569	0.000216052
05579	2.48201e-05
05580	0.00217847
05581	3.06415e-05
05624	3.51741e-05
05654	0.0007979
05659	0.00460641
05677	0.00278178
05681	0.00156859
05702	6.59725e-05
0572A	0.00140499
05744	0.000247891
05764	1.90074e-05
05769	0.000365329
05773	0.0013877
05816	0.000164616
05821	0.00226168
0583A	0.00087153
05855	0.000133466
05859	0.000267366
05866	7.24106e-05
05868	0.000791647
05873	0.00224528
05874	0.000191682
05881	0.00166629
05886	0.00104623
05910	0.000336698
05915	3.22347e-05
05920	9.66434e-06
05928	0.000750454
05960	0.000830317
05964	8.6701e-05
05969	0.000704618
05978	0.000457566
05984	0.00277848
05988	0.000132597
06039	2.31127e-05
06106	0.00155174
06135	0.000435262
06154	0.00026243
06172	3.6185e-05
06224	0.00573701
06257	0.000286048
06263	0.000503192
06264	0.00174506
0626A	3.17222e-05
06277	0.00129175
06347	0.00401325
06402	0.000251838
06418	0.00251784
06423	7.32077e-05
06437	0.00253338
06454	0.00073374
06466	0.000792413
06477	0.000638952
06489	0.00116605
06494	0.00388443
06517	0.00122549
06536	8.3609e-05
06538	8.54296e-05
06544	0.000373046
06559	0.000163082
06562	0.000270012
06671	0.000412859
06694	0.000477049
0671A	0.00258739
06735	5.74763e-05
06737	0.00222973
0673A	0.000279867
06751	0.00120013
06770	0.00388335
06777	0.000605058
06792	0.000954727
06801	0.00173441
06808	0.00213144
06832	0.0171366
06837	0.000276032
06842	0.0006135
06862	0.00272487
06882	0.000277072
06886	0.00041388
06914	0.000421189
06918	0.00010962
06920	0.000763547
06925	0.0284986
06939	0.00107664
06967	0.00208426
06976	0.00028527
06977	0.000134209
06981	0.000443278
07005	9.1746e-05
07017	0.00253904
07045	0.00530912
07079	0.174394
07081	7.39846e-05
07084	0.000716515
07103	0.00275511
07123	6.75789e-05
07136	0.00050829
07173	3.19054e-05
07201	5.67792e-05
07230	0.000140415
07249	0.000482636
07272	0.00346587
07283	0.00525193
07290	5.76909e-05
07311	0.000528641
07321	0.000177954
07379	0.000189925
07393	0.00483987
07416	0.00121727
07433	0.00344331
07441	0.000362141
07461	0.0214899
07486	0.00297618
07490	0.000150161
07506	0.00239908
07508	0.000473506
07558	0.010193
07585	0.000281042
07602	0.000501155
07609	0.00608168
07636	4.02761e-05
07637	0.0290519
07642	0.0189362
07645	0.000268722
07647	0.00115657
07655	0.00708622
07665	9.75978e-05
07685	0.00377059
07694	0.000192588
07697	0.000700791
07719	0.00049321
07726	0.000629526
07739	0.0118627
07786	0.000619647
07788	0.000584766
07790	0.00046102
07816	0.00168513
07845	2.01496e-05
07853	0.00092227
07861	0.000315031
07874	0.000935766
07884	0.000239835
07886	0.00029969
07908	0.000631158
07918	0.000218051
07924	0.00103245
07949	0.000772716
08003	0.00113785
08044	0.000102294
08045	0.00173345
08049	6.43067e-05
08051	0.00329498
08092	0.000276027
08093	0.00169471
08130	0.000377623
08132	0.00113089
08133	0.00134535
08134	0.000387752
08145	0.0243461
08155	0.000207498
08173	0.000328496
08212	0.0002498
08258	0.00103075
08263	0.00713204
08300	0.000700767
08314	0.00306939
08349	0.000354591
08353	4.58793e-05
08363	0.000477095
08376	0.000723351
08427	0.000129945
08434	0.0196675
08451	0.00077526
08453	0.000412269
08471	0.000435042
08482	0.000338578
08499	0.000597559
08512	4.85886e-05
08539	0.000467778
0853A	0.000485076
08558	0.000134087
08580	0.00123628
08594	0.0041358
08676	0.00104375
08686	6.07693e-05
08687	0.000206271
08712	0.00140753
08747	0.000576043
08772	0.000123244
08773	0.000223227
08780	0.00117839
08826	0.00188406
08828	0.000228916
08848	0.00158791
08858	0.0001049
08860	7.75277e-06
08879	0.00017906
08888	0.000511097
08890	5.75011e-05
08892	0.000561918
08913	0.00143051
08964	0.00866652
09010	0.000153378
09021	0.00018113
09033	0.00145385
09055	0.000676279
09072	0.000413389
09085	0.000393279
09182	1.50167e-05
09215	0.00172757
09217	0.000261214
09220	8.34637e-05
09221	3.93899e-05
09225	0.000142465
09226	0.0009647
09237	2.77779e-05
09268	0.00166939
09278	0.000298548
09283	0.000107255
09284	0.000524881
09302	8.62222e-05
09313	0.000526639
09323	0.00293499
09345	8.96434e-05
09350	0.000321517
09357	0.00482832
09360	0.00201702
09417	0.00102744
09444	0.000274101
09479	0.000163297
09486	0.00473285
09503	0.00645991
09514	4.88064e-05
09529	0.00193611
09534	0.015163
09545	0.00181906
09574	0.000826146
09581	0.000335213
09582	4.36133e-05
09595	0.000471547
09597	0.000104548
09599	0.000745485
09629	0.000988174
09658	9.36374e-05
09693	0.00103357
09710	0.000179392
09730	0.000260805
09738	0.00352011
09766	2.24159e-05
09829	0.000977087
0987A	6.16159e-05
09881	0.000392693
09883	0.00465691
09896	0.00134563
09906	0.000328074
09918	0.000252337
09932	0.000561412
09934	0.000273616
09951	0.000662774
09982	5.32928e-05
09986	8.66731e-05
