# format = weight
# date = 20180629
01346	0.000288241
01361	0.00210308
0137A	0.000572962
01419	0.000293225
01454	0.000435715
01464	0.000218514
01482	0.00083337
01484	0.000132714
01488	0.000610153
01489	0.000936364
0148A	0.00227849
01514	0.000584394
01515	3.1137e-05
01555	0.000189188
01587	0.000653131
01607	0.000149946
01616	0.000587838
01659	0.00206398
01678	0.00099144
01681	0.000525702
01682	0.00242471
01763	0.000232568
01780	2.40588e-05
01783	0.024072
01821	0.000102625
01846	0.000309423
01855	3.03752e-05
01875	0.0015982
01876	0.000137778
01926	0.000732334
01953	0.000308112
01961	0.000811428
01993	0.000211207
01995	0.0096083
01999	0.000390262
02007	0.00134894
02022	0.000255576
02025	0.000299004
02029	0.000261938
02048	0.000234097
02051	4.31238e-05
02066	0.00162301
02071	0.00031608
02098	2.81231e-05
02103	0.00166104
02104	0.00252623
02167	1.63381e-05
02185	0.000850117
0219A	0.000516803
02210	0.000363919
02239	0.00272322
02244	0.000290492
02281	8.78369e-05
02282	0.000412108
02284	0.000344796
02300	0.00165228
02303	0.00184577
02325	6.38353e-05
02340	5.80425e-05
02343	0.000171388
02345	0.00415121
02359	8.71e-05
02365	5.72674e-05
02425	0.00235681
02432	0.00010079
02449	0.0001879
02452	0.000184067
02473	0.000381639
02482	7.9338e-05
02494	0.000618824
02505	0.000622712
02511	0.000151224
02527	0.000666244
02562	4.33931e-05
02563	0.00251679
02571	0.00197706
02572	0.000474729
02605	0.0051739
02618	6.3727e-05
02630	0.000488924
02649	0.000275623
02654	0.000551691
02681	0.000110489
02684	0.000132949
02694	0.00032201
02730	0.000392114
02732	0.00171193
02776	0.000689351
02787	0.000554742
02813	0.00982423
02826	0.000904975
02852	0.000872669
02859	0.00073945
02891	0.000796722
02944	0.00135131
02962	0.00648311
0296A	0.0038878
02973	1.63563e-05
02988	0.000197598
02989	0.00066377
03007	0.000116914
03015	0.000414831
03073	0.00648918
03152	0.00524086
03160	0.000254205
03195	5.07032e-05
03234	0.000176011
03244	0.000999849
03259	0.00442876
03268	0.00439869
03281	0.000886168
03284	0.000378127
03297	0.000420523
03302	0.0209551
03323	4.3907e-05
03342	0.00149033
03356	0.000123975
03357	0.00160943
03438	0.00195248
03455	0.000947561
03467	0.000432266
03476	0.00118689
03495	0.000147524
03531	0.000115094
03546	0.000257677
03558	0.000224883
0355A	0.000217524
03569	0.000606195
03581	0.000748997
03585	0.000201594
03617	5.3802e-05
03619	0.000198989
03664	0.000566743
03669	0.000239759
03672	0.000589462
03690	0.0036649
03696	7.2894e-05
03729	0.000361859
03754	0.000621235
03764	0.000719125
03773	0.000270165
03776	0.00379612
03797	0.00147722
03805	0.00263433
03809	0.000213772
03815	0.0021888
03846	0.000851616
03853	0.00185204
03864	0.00190822
03880	4.49677e-05
03961	0.000201089
03962	0.000835377
03967	0.000257289
03981	0.00108101
03983	0.000786382
03988	7.58867e-05
04006	7.48833e-05
04007	0.000141365
04031	0.000366278
0404A	0.000383648
04055	5.96222e-05
04062	4.93029e-05
04071	0.00117235
04090	0.00281038
04119	0.000252019
04149	0.0001207
04170	0.000190208
04177	0.0078414
04209	0.000336375
0423A	5.45868e-05
04274	0.00360682
04300	0.00025842
04319	0.000353418
04347	0.000106637
04392	0.000756934
04426	0.000287487
04435	0.000121377
04465	0.00229691
04474	0.00236789
04482	1.12154e-05
04524	0.000277586
04529	0.00013725
04549	0.000979032
04578	0.00033862
04662	0.00362285
04666	3.99713e-05
04676	0.000231383
0467A	3.20203e-05
04689	0.000210272
04703	9.05865e-05
04713	0.00124746
0471A	0.000869647
04762	0.00022176
04810	0.000590653
04818	0.000280924
04854	0.00978856
04863	0.00684019
04865	0.000733701
04873	1.99023e-05
04885	0.000265994
04894	4.44113e-05
04897	0.00424651
04907	0.00410507
04911	0.000437877
04913	0.00158623
04918	0.00195189
04922	0.000802799
04940	0.00132622
04966	0.0161862
04987	0.000111238
04994	0.000400158
04998	0.000341438
05008	0.0111169
05011	0.000740685
05012	0.00476049
05020	2.53061e-05
05027	0.00172617
05045	0.000324243
05049	0.000920565
05078	0.00349847
05092	0.00341322
05102	0.000247873
05108	0.00247721
05115	0.000766637
05131	0.000371352
05145	0.00109798
05168	7.81885e-05
05183	0.00164409
05198	0.00692043
05215	0.000371665
05222	3.70236e-05
05244	0.000342163
05282	0.00199003
05284	0.000155675
05285	0.00115659
05316	0.000189191
05349	0.00161516
05369	2.71832e-05
05373	0.00720929
05407	0.000180099
05416	0.00160372
05417	0.0005127
05420	0.000280693
05429	0.000200083
05435	0.00131464
05463	0.00082992
05476	0.000358519
05481	0.012307
05484	0.000172181
0554A	0.000762252
05569	0.000218056
05579	2.50502e-05
05580	0.00219867
05581	3.09256e-05
05624	3.55002e-05
05654	0.000805298
05677	0.00280757
05681	0.00158314
05702	6.65842e-05
0572A	0.00141802
05744	0.000250189
05764	1.91836e-05
05769	0.000368716
05773	0.00140057
05816	0.000166142
05821	0.00228265
0583A	0.00087961
05855	0.000134704
05859	0.000269845
05866	7.30819e-05
05868	0.000798987
05873	0.00226609
05874	0.000193459
05881	0.00168174
05886	0.00105593
05910	0.000339819
05915	3.25336e-05
05920	9.75394e-06
05928	0.000757412
05957	0.002064
05960	0.000838015
05969	0.000711151
05978	0.000461809
05984	0.00280424
05988	0.000133826
06039	2.3327e-05
06061	0.00442855
06106	0.00156612
06135	0.000439297
06154	0.000264863
06172	3.65205e-05
06184	0.000322598
06224	0.0057902
06257	0.0002887
06263	0.000507857
06264	0.00176124
0626A	3.20163e-05
06277	0.00130373
06297	0.000709404
06347	0.00405046
06418	0.00254118
06423	7.38864e-05
06435	0.00022246
06437	0.00255687
06454	0.000740543
06466	0.00079976
06477	0.000644876
06489	0.00117686
06517	0.00123686
06533	0.00100403
06536	8.43842e-05
06538	8.62217e-05
06544	0.000376505
06559	0.000164594
06616	0.000832452
06671	0.000416687
06694	0.000481472
0671A	0.00261138
06735	5.80092e-05
06737	0.0022504
0673A	0.000282462
06751	0.00121126
06770	0.00391935
06777	0.000610668
06792	0.000963578
06801	0.00175049
06808	0.0021512
06832	0.0172955
06837	0.000278591
06842	0.000619188
06862	0.00275013
06882	0.000279641
06886	0.000417717
06908	0.000773989
06914	0.000425094
06918	0.000110636
06920	0.000770627
06925	0.0287629
06939	0.00108663
06967	0.00210359
06976	0.000287915
06977	0.000135453
06981	0.000447388
07005	9.25966e-05
07017	0.00256258
07045	0.00535834
07079	0.176011
07081	7.46706e-05
07084	0.000723158
07103	0.00278065
07123	6.82054e-05
07136	0.000513002
07173	3.22012e-05
07201	5.73056e-05
07249	0.00048711
07283	0.00530063
07290	5.82257e-05
07311	0.000533542
07321	0.000179604
07379	0.000191686
07393	0.00488475
07416	0.00122855
07433	0.00347524
07440	0.000323238
07441	0.000365499
07461	0.0216891
07490	0.000151553
07506	0.00242132
07508	0.000477896
07558	0.0102875
07585	0.000283648
07602	0.000505802
07609	0.00613807
07619	0.000267203
07637	0.0293212
07642	0.0191118
07645	0.000271213
07647	0.0011673
07655	0.00715192
07658	0.00107723
07663	6.07835e-05
07665	9.85027e-05
07685	0.00380554
07694	0.000194373
07719	0.000497782
07726	0.000635362
07739	0.0119727
07772	0.000981845
07786	0.000625392
07788	0.000590188
07790	0.000465294
07816	0.00170076
07845	2.03365e-05
07853	0.000930821
07861	0.000317952
07874	0.000944441
07886	0.000302468
07908	0.00063701
07918	0.000220073
07924	0.00104202
07949	0.00077988
08003	0.0011484
08045	0.00174952
08049	6.49029e-05
08051	0.00332553
08092	0.000278586
08093	0.00171042
08130	0.000381124
08132	0.00114138
08133	0.00135782
08134	0.000391347
08145	0.0245719
08155	0.000209422
08173	0.000331541
08178	0.00162121
08258	0.0010403
08263	0.00719816
08276	0.00016639
08300	0.000707264
08314	0.00309784
08349	0.000357879
08353	4.63046e-05
08363	0.000481518
08370	0.000961665
08376	0.000730058
08427	0.00013115
08434	0.0198499
08471	0.000439076
08482	0.000341717
08499	0.000603099
08512	4.9039e-05
08539	0.000472115
0853A	0.000489573
08558	0.00013533
08580	0.00124775
08594	0.00417414
08676	0.00105342
08686	6.13327e-05
08687	0.000208183
08712	0.00142058
08747	0.000581384
08773	0.000225296
08826	0.00190153
08828	0.000231038
08846	0.000164146
08848	0.00160263
08858	0.000105872
08860	7.82465e-06
08879	0.00018072
08888	0.000515835
08890	5.80342e-05
08892	0.000567128
08913	0.00144377
08964	0.00874687
09010	0.0001548
09021	0.000182809
09033	0.00146733
09055	0.000682549
09072	0.000417221
09085	0.000396926
09182	1.51559e-05
0918A	2.69312e-05
09215	0.00174359
09217	0.000263636
09221	3.97551e-05
09225	0.000143786
09226	0.000973645
09232	0.00136233
09237	2.80354e-05
09263	0.000159498
09265	0.00145165
09268	0.00168487
09278	0.000301315
09283	0.000108249
09302	8.70216e-05
09313	0.000531522
09323	0.0029622
09335	0.00227234
09345	9.04746e-05
09350	0.000324498
09357	0.00487309
09360	0.00203572
09370	6.39966e-05
09417	0.00103697
09444	0.000276642
09479	0.000164811
09486	0.00477673
09503	0.0065198
09514	4.92589e-05
09534	0.0153036
09545	0.00183592
09547	3.78757e-05
09574	0.000833805
09582	4.40176e-05
09595	0.000475919
09597	0.000105517
09599	0.000752397
09658	9.45055e-05
09710	0.000181055
09730	0.000263223
09738	0.00355275
09766	2.26237e-05
09788	0.000635383
09789	8.68106e-05
09803	0.0001504
09837	0.000706032
09838	0.000120664
09881	0.000396334
09883	0.00470008
09886	0.000150574
09896	0.0013581
09906	0.000331116
09918	0.000254676
09932	0.000566617
09951	0.000668919
09982	5.37869e-05
09986	8.74766e-05
