# format = weight
# date = 20180928
01346	0.000301309
01356	0.000214564
0137A	0.000598939
01384	0.000407114
01419	0.000306519
01464	0.000228421
01482	0.000871154
01484	0.00013873
01488	0.000637816
01489	0.000978816
0148A	0.00238179
01492	5.47102e-05
01514	0.000610889
01515	3.25487e-05
01572	0.00216058
01587	0.000682742
01616	0.000614489
01649	0.000451084
01659	0.00215756
01678	0.00103639
01681	0.000549536
01682	0.00253464
01763	0.000243112
01780	2.51495e-05
01783	0.0251633
01821	0.000107278
01846	0.000323451
01855	3.17523e-05
01875	0.00167065
01876	0.000144025
01953	0.000322081
01961	0.000848216
01993	0.000220782
01995	0.0100439
01999	0.000407955
02022	0.000267163
02025	0.000312561
02029	0.000273813
02047	0.00261479
02048	0.000244711
02051	4.50789e-05
02066	0.00169659
02071	0.00033041
02092	0.000194477
02098	2.93982e-05
02103	0.00173635
02104	0.00264076
02167	1.70788e-05
02180	0.000293391
02209	0.000474663
02210	0.000380418
02216	0.00085825
02239	0.00284668
02244	0.000303662
02282	0.000430792
02284	0.000360428
02300	0.0017272
02303	0.00192945
02325	6.67295e-05
02340	6.0674e-05
02343	0.000179159
02344	0.0013924
02345	0.00433942
02359	9.10489e-05
02364	0.000274228
02365	5.98637e-05
02421	0.000230682
02432	0.00010536
02449	0.000196419
02473	0.000398942
02482	8.2935e-05
02494	0.00064688
02505	0.000650944
02511	0.00015808
02527	0.00069645
02544	6.02883e-05
02565	0.000126317
02571	0.0020667
02605	0.00540847
02618	6.66163e-05
02630	0.00051109
02638	0.000264916
02649	0.000288119
02654	0.000576704
02681	0.000115498
02684	0.000138976
02694	0.000336609
02725	9.832e-05
02730	0.000409891
02732	0.00178955
02768	0.000156786
02776	0.000720605
02787	0.000579892
02802	0.000284465
02813	0.0102696
02826	0.000946005
02831	0.000172734
0283A	0.000786814
02852	0.000912234
02859	0.000772975
02891	0.000832843
02938	0.000135383
02944	0.00141258
02962	0.00677704
02973	1.70978e-05
02988	0.000206557
02989	0.000693864
03007	0.000122215
03015	0.000433639
03073	0.00678339
03152	0.00547847
03195	5.3002e-05
03244	0.00104518
03259	0.00462955
03281	0.000926345
03284	0.00039527
03297	0.000439589
03302	0.0219051
03323	4.58977e-05
03342	0.0015579
03349	0.000207373
03357	0.0016824
03438	0.002041
03455	0.000990521
03467	0.000451864
03476	0.00124071
03495	0.000154213
03514	0.0010731
03531	0.000120312
03546	0.00026936
03558	0.000235079
0355A	0.000227386
03569	0.000633678
03581	0.000782955
03585	0.000210734
03617	5.62413e-05
03619	0.000208011
03628	0.000521715
03664	0.000592437
03669	0.000250629
03683	0.00337436
03690	0.00383106
03729	0.000378265
03754	0.000649401
03755	6.62505e-05
03762	0.00686337
03764	0.000751728
03797	0.0015442
03805	0.00275376
03809	0.000223464
03815	0.00228804
03832	0.000135841
03846	0.000890226
03853	0.00193601
03864	0.00199474
03877	0.000332718
03880	4.70064e-05
03920	0.000263622
03944	0.00444462
03962	0.000873251
03967	0.000268954
03981	0.00113002
03982	0.000855858
03983	0.000822034
03988	7.93272e-05
04006	7.82784e-05
04007	0.000147774
04031	0.000382884
0404A	0.000401041
04055	6.23254e-05
04058	0.0153534
04062	5.15382e-05
04071	0.0012255
04090	0.0029378
04119	0.000263445
04149	0.000126172
04170	0.000198831
04194	0.00051378
04209	0.000351625
04274	0.00377034
04300	0.000270136
04308	0.000308917
04333	0.000170518
04347	0.000111472
04362	3.70742e-05
04392	0.000791252
04426	0.000300522
04435	0.00012688
04465	0.00240105
04474	0.00247524
04482	1.17239e-05
04529	0.000143473
04578	0.000353972
04662	0.0037871
04666	4.17835e-05
04676	0.000241873
0467A	3.34721e-05
04713	0.00130401
0471A	0.000909075
04762	0.000231814
04779	6.56732e-05
04810	0.000617432
04818	0.00029366
04863	0.0071503
04865	0.000766965
04885	0.000278053
04894	4.64248e-05
04897	0.00443904
04907	0.00429119
04911	0.000457729
04913	0.00165815
04922	0.000839196
04966	0.01692
04971	0.000448858
04987	0.000116281
04994	0.0004183
04998	0.000356918
05005	0.00128388
05008	0.011621
05012	0.00497632
05020	2.64534e-05
05027	0.00180443
05045	0.000338944
05049	0.000962301
05078	0.00365709
05092	0.00356797
05102	0.000259111
05108	0.00258952
05131	0.000388188
05145	0.00114775
05168	8.17333e-05
05180	7.5752e-06
05183	0.00171863
05189	0.000216929
05198	0.00723419
05215	0.000388515
05222	3.87021e-05
05244	0.000357675
05284	0.000162733
05285	0.00120903
05316	0.000197769
05349	0.00168839
05369	2.84156e-05
05388	0.000463119
05416	0.00167643
05417	0.000535945
05420	0.000293419
05423	0.000306369
05435	0.00137424
05458	0.00202984
05463	0.000867547
05476	0.000374773
05484	0.000179987
0554A	0.000796811
05556	8.33821e-05
05569	0.000227942
05579	2.61859e-05
05580	0.00229835
05581	3.23277e-05
05654	0.000841808
05659	0.00485989
05677	0.00293486
05681	0.00165491
05702	6.9603e-05
0572A	0.00148231
05744	0.000261532
05773	0.00146407
05821	0.00238614
05859	0.000282079
05866	7.63953e-05
05874	0.00020223
05881	0.00175798
05910	0.000355226
05920	1.01962e-05
05928	0.000791751
05964	9.14721e-05
05969	0.000743393
05978	0.000482746
05984	0.00293138
05988	0.000139894
06039	2.43846e-05
06061	0.00462933
06106	0.00163713
06135	0.000459214
06172	3.81762e-05
06184	0.000337224
06224	0.00605271
06257	0.000301789
06263	0.000530882
06264	0.00184109
0626A	3.34679e-05
06277	0.00136284
06297	0.000741567
06347	0.00423409
06402	0.000265696
06418	0.0026564
06423	7.72362e-05
06435	0.000232546
06437	0.00267279
06466	0.000836019
06477	0.000674113
06489	0.00123022
06494	0.00409819
06517	0.00129293
06533	0.00104955
06536	8.821e-05
06538	9.01308e-05
06544	0.000393574
06559	0.000172056
06562	0.000284871
06616	0.000870193
06694	0.000503301
0671A	0.00272978
06737	0.00235243
06751	0.00126617
06770	0.00409704
06777	0.000638354
06792	0.00100726
06801	0.00182985
06808	0.00224873
06832	0.0180796
06837	0.000291222
06842	0.00064726
06862	0.00287482
06882	0.000292319
06886	0.000436655
06908	0.00080908
06918	0.000115652
06920	0.000805565
06925	0.0300669
06939	0.00113589
06967	0.00219896
06976	0.000300968
06981	0.000467671
07005	9.67947e-05
07017	0.00267876
07045	0.00560128
07079	0.183991
07081	7.8056e-05
07084	0.000755944
07103	0.00290672
07123	7.12977e-05
07173	3.36612e-05
07201	5.99038e-05
07230	0.000148142
07249	0.000509195
07283	0.00554094
07290	6.08656e-05
07311	0.000557732
07321	0.000187746
07379	0.000200377
07416	0.00128425
07429	0.00592575
07433	0.0036328
07440	0.000337893
07441	0.000382069
07461	0.0226725
07486	0.00313996
07508	0.000499563
07585	0.000296508
07602	0.000528733
07609	0.00641635
07619	0.000279317
07636	4.24925e-05
07637	0.0306506
07642	0.0199783
07645	0.000283509
07647	0.00122022
07655	0.00747617
07658	0.00112607
07663	6.35393e-05
07665	0.000102969
07685	0.00397808
07694	0.000203186
07697	0.000739355
07726	0.000664168
07739	0.0125155
07772	0.00102636
07788	0.000616945
07816	0.00177787
07845	2.12585e-05
07853	0.000973022
07861	0.000332367
07872	0.00199751
07874	0.00098726
07884	0.000253033
07886	0.000316182
07924	0.00108926
07949	0.000815238
08003	0.00120046
08044	0.000107923
08045	0.00182884
08049	6.78455e-05
08051	0.0034763
08092	0.000291217
08130	0.000398403
08132	0.00119312
08133	0.00141938
08145	0.0256859
08155	0.000218916
08173	0.000346573
08178	0.00169471
08210	0.000158533
08212	0.000263547
08258	0.00108747
08300	0.000739329
08314	0.00323829
08353	4.8404e-05
08363	0.000503349
08370	0.00100527
08376	0.000763157
08427	0.000137096
08434	0.0207498
08451	0.000817922
08453	0.000434956
08471	0.000458982
08499	0.000630442
08512	5.12624e-05
0853A	0.000511769
08558	0.000141466
08580	0.00130432
08594	0.00436339
08676	0.00110118
08686	6.41134e-05
08687	0.000217622
08712	0.00148499
08747	0.000607743
08772	0.000130026
08773	0.000235511
08826	0.00198774
08828	0.000241513
08846	0.000171588
08848	0.00167529
08854	0.00202838
08858	0.000110672
08860	8.1794e-06
08879	0.000188913
08888	0.000539222
08890	6.06654e-05
08892	0.00059284
08964	0.00914343
09010	0.000161818
09021	0.000191097
09033	0.00153386
09055	0.000713495
09072	0.000436137
09085	0.000414921
09182	1.5843e-05
0918A	2.81522e-05
09215	0.00182264
09217	0.000275588
09220	8.80567e-05
09221	4.15575e-05
09225	0.000150304
09226	0.00101779
09232	0.0014241
09237	2.93065e-05
09263	0.00016673
09265	0.00151746
09268	0.00176126
09278	0.000314976
09283	0.000113157
09284	0.000553765
09302	9.0967e-05
09313	0.00055562
09323	0.0030965
09335	0.00237536
09345	9.45765e-05
09350	0.00033921
09357	0.00509402
09360	0.00212801
09417	0.00108398
09444	0.000289185
09479	0.000172283
09486	0.0049933
09503	0.00681539
09514	5.14922e-05
09529	0.00204266
09534	0.0159974
09545	0.00191916
09547	3.95929e-05
09574	0.000871608
09581	0.00035366
09582	4.60133e-05
09595	0.000497496
09599	0.000786509
09629	0.00104255
09658	9.87902e-05
09730	0.000275157
09738	0.00371382
09766	2.36494e-05
09788	0.000664189
09789	9.07464e-05
09803	0.000157219
09829	0.00103086
09837	0.000738042
09838	0.000126135
0987A	6.50066e-05
09886	0.0001574
09896	0.00141968
09906	0.000346128
09932	0.000592306
09934	0.000288673
09982	5.62255e-05
09986	9.14426e-05
