# format = weight
# date = 20180330
01346	0.000370709
01356	0.000263984
0137A	0.000736892
01384	0.000500884
01419	0.000377119
01454	0.000560376
01464	0.000281033
01482	0.0010718
01484	0.000170684
01488	0.000784723
01489	0.00120427
0148A	0.00293038
01492	6.73115e-05
01514	0.000751594
01515	4.00456e-05
01555	0.000243316
01572	0.00265822
01587	0.000839997
01616	0.000756024
01649	0.000554982
01659	0.0026545
01681	0.000676109
01729	0.000123878
01763	0.000299107
01780	3.09422e-05
01783	0.0309592
01821	0.000131987
01846	0.000397951
01855	3.90658e-05
01875	0.00205545
01876	0.000177198
01926	0.000941861
01953	0.000396265
01961	0.00104358
01993	0.000271635
01999	0.000501919
02022	0.000328698
02029	0.00033688
02047	0.00321705
02048	0.000301075
02051	5.54619e-05
02066	0.00208736
02071	0.000406513
02092	0.00023927
02098	3.61694e-05
02103	0.00213628
02104	0.003249
02167	2.10126e-05
02180	0.000360967
02185	0.00109334
0219A	0.000664665
02209	0.000583992
02210	0.000468039
02216	0.00105593
02281	0.000112968
02282	0.000530015
02284	0.000443445
02300	0.00212502
02325	8.20992e-05
02340	7.46489e-05
02343	0.000220424
02344	0.00171311
02345	0.00533891
02359	0.00011202
02365	7.3652e-05
02421	0.000283814
02425	0.00303111
02432	0.000129627
02449	0.000241659
02452	0.000236731
02482	0.000102037
02494	0.000795875
02505	0.000800875
02511	0.00019449
02527	0.000856863
02544	7.41744e-05
02562	5.58083e-05
02563	0.00323687
02565	0.000155412
02571	0.00254272
02572	0.000610553
02585	0.00145956
02605	0.0066542
02618	8.19599e-05
02630	0.000628809
02638	0.000325934
02649	0.000354481
02654	0.000709535
02681	0.000142101
02694	0.000414139
02730	0.000504301
02732	0.00220173
02768	0.000192898
02776	0.00088658
02787	0.000713458
02802	0.000349985
02813	0.012635
02826	0.0011639
02831	0.00021252
02859	0.000951013
02876	0.00204667
02891	0.00102467
02938	0.000166566
02944	0.00173794
02962	0.00833798
0296A	0.00500013
02973	2.10359e-05
02989	0.00085368
03007	0.000150365
03015	0.000533518
03073	0.00834579
03160	0.000326935
03195	6.52098e-05
03234	0.000226369
03244	0.00128591
03259	0.00569587
03268	0.0056572
03281	0.00113971
03284	0.000486312
03323	5.64692e-05
03349	0.000255137
03356	0.000159445
03438	0.0025111
03455	0.00121867
03467	0.000555941
03476	0.00152647
03514	0.00132026
03531	0.000148024
03546	0.000331401
03558	0.000289224
0355A	0.000279759
03569	0.000779633
03581	0.000963291
03617	6.91952e-05
03619	0.000255922
03628	0.00064188
03664	0.000728893
03672	0.000758112
03683	0.00415157
03690	0.00471346
03696	9.37497e-05
03754	0.000798976
03755	8.15098e-05
03764	0.000924873
03797	0.00189987
03805	0.00338803
03809	0.000274934
03815	0.00281504
03832	0.000167129
03853	0.00238193
03877	0.000409352
03880	5.78333e-05
03920	0.000324342
03944	0.00546834
03961	0.000258622
03962	0.00107439
03967	0.000330902
03981	0.00139029
03982	0.00105299
03983	0.00101137
03988	9.75985e-05
04006	9.63081e-05
04007	0.000181811
0404A	0.000493412
04058	0.0188897
04062	6.34089e-05
04071	0.00150777
04090	0.00361445
04119	0.000324124
04149	0.000155233
04170	0.000244628
04177	0.0100849
04194	0.000632118
0419A	0.000403877
04209	0.000432614
0423A	7.02045e-05
04274	0.00463876
04300	0.000332357
04308	0.00038007
04319	0.000454533
04347	0.000137147
04392	0.000973499
04426	0.00036974
04435	0.000156104
04465	0.00295408
04474	0.00304536
04482	1.44242e-05
04524	0.000357006
04549	0.00125914
04578	0.000435502
04662	0.00465938
04676	0.000297584
0467A	4.11816e-05
04689	0.000270432
04703	0.000116504
04713	0.00160436
0471A	0.00111846
04762	0.000285207
04779	8.07996e-05
04784	0.00192864
04810	0.000759644
04818	0.000361299
04854	0.0125892
04865	0.000943619
04873	2.55965e-05
04885	0.000342097
04894	5.71177e-05
04897	0.00546148
04907	0.00527957
04911	0.000563158
04913	0.00204007
04918	0.00251035
04922	0.00103249
04940	0.00170566
04966	0.0208172
04971	0.000552243
04987	0.000143064
04994	0.000514647
04998	0.000439126
05005	0.0015796
05008	0.0142976
05011	0.000952601
05020	3.25464e-05
05027	0.00222005
05045	0.000417012
05049	0.00118395
05092	0.00438977
05102	0.000318791
05115	0.000985979
05131	0.000477599
05145	0.00141212
05168	0.000100559
05180	9.31998e-06
05183	0.00211448
05198	0.00890043
05215	0.000478002
05222	4.76163e-05
05244	0.000440058
05282	0.00255939
05285	0.0014875
05316	0.00024332
05349	0.00207728
05369	3.49606e-05
05373	0.00927192
05388	0.000569789
05407	0.000231627
05416	0.00206256
05417	0.000659388
05420	0.000361002
05435	0.00169077
05458	0.00249737
05463	0.00106737
05476	0.000461094
05481	0.0158281
05484	0.000221443
0554A	0.000980339
05556	0.000102587
05569	0.000280443
05579	3.22172e-05
05580	0.00282772
05624	4.56571e-05
05654	0.0010357
05677	0.00361085
05681	0.00203608
05702	8.56345e-05
0572A	0.00182373
05744	0.00032177
05764	2.46722e-05
05769	0.000474209
05773	0.00180128
05816	0.000213677
05821	0.00293573
0583A	0.00113127
05855	0.000173243
05859	0.00034705
05866	9.39913e-05
05868	0.00102758
05873	0.00291444
05874	0.000248809
05881	0.0021629
05886	0.00135804
05910	0.000437045
05915	4.18417e-05
05920	1.25446e-05
05928	0.000974114
05957	0.00265452
05960	0.00107778
05964	0.000112541
05969	0.000914617
05978	0.000593936
05984	0.00360656
05988	0.000172115
06039	3.00011e-05
06061	0.00569559
06106	0.0020142
06135	0.000564984
06154	0.000340643
06172	4.69693e-05
06184	0.000414896
06257	0.0003713
06264	0.00226514
0626A	4.11765e-05
06277	0.00167674
06297	0.000912371
06347	0.00520933
06402	0.000326893
06418	0.00326824
06423	9.50259e-05
06435	0.000286108
06437	0.00328841
06454	0.000952419
06466	0.00102858
06494	0.00504212
06517	0.00159073
06533	0.00129129
06536	0.000108527
06538	0.00011089
06544	0.000484226
06559	0.000211686
06562	0.000350484
06616	0.00107062
06671	0.000535904
0671A	0.00335852
06735	7.46061e-05
0673A	0.000363276
06777	0.000785385
06792	0.00123927
06801	0.00225132
06832	0.0222439
06837	0.000358299
06842	0.000796343
06862	0.00353697
06882	0.000359648
06886	0.00053723
06908	0.000995434
06914	0.000546717
06918	0.00014229
06920	0.000991109
06925	0.0369922
06939	0.00139752
06976	0.000370289
06977	0.000174207
07005	0.000119089
07017	0.00329575
07045	0.00689141
07081	9.60345e-05
07084	0.00093006
07123	8.77196e-05
07136	0.000659776
07230	0.000182264
07249	0.000626477
07272	0.00449881
07283	0.00681718
07290	7.48846e-05
07311	0.000686193
07321	0.00023099
07379	0.000246529
07393	0.00628231
07416	0.00158005
07429	0.00729062
07433	0.00446953
07440	0.00041572
07441	0.000470071
07461	0.0278946
07486	0.00386318
07490	0.000194914
07506	0.00311408
07508	0.000614626
07558	0.0132309
07585	0.000364802
07602	0.000650516
07609	0.00789422
07619	0.000343652
07636	5.22797e-05
07637	0.0377102
07642	0.0245799
07645	0.000348809
07647	0.00150127
07655	0.00919815
07663	7.81742e-05
07665	0.000126685
07685	0.00489434
07694	0.000249985
07697	0.000909649
07726	0.000817145
07739	0.0153981
07772	0.00126276
07786	0.000804322
07788	0.000759045
07790	0.000598419
07816	0.00218736
07845	2.61549e-05
07853	0.00119714
07861	0.00040892
07872	0.00245759
07874	0.00121465
07884	0.000311313
07886	0.000389007
07908	0.000819264
07918	0.000283038
07924	0.00134015
07949	0.00100301
08003	0.00147696
08044	0.000132781
08045	0.00225008
08049	8.34722e-05
08092	0.000358292
08093	0.00219979
08130	0.000490167
08132	0.00146793
08133	0.0017463
08134	0.000503315
08145	0.0316021
08155	0.000269339
08173	0.000426398
08210	0.000195048
08212	0.000324249
08258	0.00133794
08263	0.00925762
08300	0.000909618
08314	0.00398416
08349	0.000460271
08353	5.95528e-05
08363	0.000619285
08376	0.000938933
08427	0.000168673
08434	0.0255291
08451	0.00100631
08453	0.000535138
08471	0.000564699
08512	6.30695e-05
0853A	0.000629644
08580	0.00160474
08676	0.00135482
08686	7.88805e-05
08687	0.000267746
08712	0.00182702
08747	0.000747723
08772	0.000159975
08773	0.000289755
08780	0.00152958
08826	0.00244557
08828	0.00029714
08846	0.000211109
08848	0.00206116
08858	0.000136164
08860	1.00633e-05
08879	0.000232426
08888	0.00066342
08890	7.46383e-05
08892	0.000729388
08913	0.00185685
08964	0.0112494
09010	0.000199089
09021	0.000235112
09033	0.00188715
09055	0.000877833
09072	0.000536592
09085	0.00051049
09215	0.00224245
09217	0.000339064
09220	0.000108339
09221	5.11294e-05
09225	0.000184924
09232	0.00175211
09237	3.60566e-05
09263	0.000205132
09268	0.00216693
09283	0.00013922
09284	0.000681312
09302	0.000111919
09313	0.000683595
09323	0.00380971
09335	0.00292248
09345	0.00011636
09350	0.00041734
09357	0.00626732
09360	0.00261815
09370	8.23066e-05
09417	0.00133365
09444	0.000355792
09479	0.000211964
09486	0.0061434
09503	0.00838517
09529	0.00251314
09534	0.0196821
09545	0.00236119
09547	4.87122e-05
09574	0.00107236
09581	0.000435118
09595	0.000612083
09597	0.000135707
09599	0.000967664
09629	0.00128268
09658	0.000121544
09693	0.0013416
09710	0.000232857
09730	0.000338533
09738	0.00456922
09766	2.90965e-05
09788	0.000817171
09789	0.000111648
09803	0.00019343
09829	0.00126829
09837	0.000908034
09838	0.000155187
0987A	7.99794e-05
09881	0.000509728
09883	0.00604482
09886	0.000193654
09906	0.000425851
09918	0.000327541
09932	0.000728731
09934	0.000355163
09951	0.000860303
09982	6.91758e-05
