# format = weight
# date = 20180531
01346	0.000299664
01356	0.000213393
01361	0.00218642
01362	0.00309358
0137A	0.000595669
01384	0.000404891
01454	0.000452982
01464	0.000227174
01482	0.000866397
01484	0.000137973
01488	0.000634333
01489	0.000973472
01492	5.44114e-05
01515	3.2371e-05
01572	0.00214878
01587	0.000679014
01607	0.000155888
01616	0.000611134
01649	0.000448621
01659	0.00214578
01678	0.00103073
01681	0.000546535
01682	0.0025208
01729	0.000100137
01763	0.000241784
01780	2.50122e-05
01783	0.0250259
01846	0.000321685
01855	3.1579e-05
01875	0.00166153
01876	0.000143238
01926	0.000761356
01953	0.000320322
01961	0.000843585
01993	0.000219577
01995	0.00998908
01999	0.000405728
02007	0.0014024
02022	0.000265704
02025	0.000310854
02029	0.000272318
02047	0.00260052
02048	0.000243375
02051	4.48328e-05
02066	0.00168733
02071	0.000328606
02092	0.000193415
02098	2.92377e-05
02103	0.00172687
02104	0.00262634
02167	1.69856e-05
02180	0.000291789
02185	0.000883808
0219A	0.000537284
02209	0.000472072
02210	0.000378341
02216	0.000853564
02239	0.00283114
02281	9.13179e-05
02282	0.00042844
02300	0.00171777
02303	0.00191892
02325	6.63652e-05
02340	6.03427e-05
02344	0.0013848
02345	0.00431573
02359	9.05518e-05
02364	0.000272731
02365	5.95369e-05
02421	0.000229422
02425	0.00245021
02432	0.000104784
02449	0.000195346
02473	0.000396763
02482	8.24822e-05
02494	0.000643348
02505	0.00064739
02511	0.000157217
02527	0.000692648
02544	5.99591e-05
02562	4.51128e-05
02563	0.00261654
02565	0.000125628
02572	0.000493543
02585	0.00117984
02605	0.00537894
02649	0.000286546
02654	0.000573555
02681	0.000114868
02684	0.000138217
02694	0.000334771
02730	0.000407653
02732	0.00177978
02768	0.00015593
02776	0.00071667
02787	0.000576726
02802	0.000282912
02813	0.0102136
02826	0.00094084
02831	0.000171791
02876	0.00165443
02891	0.000828296
02938	0.000134644
02944	0.00140487
02962	0.00674003
0296A	0.00404187
02973	1.70045e-05
02988	0.000205429
02989	0.000690076
03007	0.000121548
03015	0.000431271
03073	0.00674635
03160	0.000264279
03234	0.000182986
03244	0.00103947
03259	0.00460427
03268	0.00457302
03281	0.000921287
03284	0.000393112
03297	0.000437189
03302	0.0217855
03323	4.56471e-05
03342	0.0015494
03356	0.000128888
03357	0.00167322
03438	0.00202986
03455	0.000985113
03467	0.000449397
03476	0.00123393
03495	0.000153371
03514	0.00106724
03531	0.000119656
03546	0.000267889
03558	0.000233795
0355A	0.000226144
03569	0.000630219
03581	0.00077868
03585	0.000209584
03617	5.59342e-05
03619	0.000206875
03628	0.000518866
03664	0.000589203
03669	0.000249261
03672	0.000612822
03683	0.00335594
03690	0.00381014
03696	7.57829e-05
03729	0.000376199
03754	0.000645855
03755	6.58887e-05
03762	0.00682589
03764	0.000747624
03773	0.000280872
03776	0.00394657
03797	0.00153577
03805	0.00273873
03809	0.000222244
03815	0.00227554
03864	0.00198385
03877	0.000330901
03880	4.67497e-05
03944	0.00442035
03961	0.000209058
03962	0.000868483
03967	0.000267486
03981	0.00112385
03982	0.000851185
03983	0.000817546
03988	7.88941e-05
04006	7.7851e-05
04031	0.000380794
0404A	0.000398852
04055	6.19851e-05
04058	0.0152695
04062	5.12568e-05
04071	0.00121881
04090	0.00292176
04119	0.000262007
04149	0.000125483
04170	0.000197746
04177	0.00815216
04194	0.000510974
0419A	0.000326475
04209	0.000349705
04274	0.00374976
04300	0.000268662
04308	0.000307231
04319	0.000367424
04333	0.000169587
04347	0.000110863
04362	3.68718e-05
04392	0.000786932
04426	0.000298881
04435	0.000126187
04465	0.00238794
04474	0.00246173
04482	1.16599e-05
04524	0.000288587
04529	0.00014269
04549	0.00101783
04662	0.00376643
04666	4.15553e-05
04676	0.000240553
0467A	3.32893e-05
04689	0.000218605
04703	9.41764e-05
04713	0.00129689
0471A	0.000904112
04762	0.000230548
04784	0.00155902
04810	0.000614061
04818	0.000292057
04854	0.0101765
04863	0.00711126
04865	0.000762778
04873	2.0691e-05
04894	4.61713e-05
04897	0.0044148
04907	0.00426776
04911	0.00045523
04913	0.0016491
04918	0.00202925
04922	0.000834615
04940	0.00137878
04966	0.0168276
04971	0.000446407
04987	0.000115646
04994	0.000416017
04998	0.000354969
05005	0.00127687
05008	0.0115575
05011	0.000770038
05020	2.6309e-05
05027	0.00179458
05045	0.000337093
05078	0.00363712
05102	0.000257696
05108	0.00257538
05115	0.000797019
05168	8.12871e-05
05180	7.53384e-06
05183	0.00170925
05189	0.000215745
05198	0.00719469
05222	3.84908e-05
05244	0.000355723
05282	0.00206889
05284	0.000161844
05285	0.00120243
05316	0.000196689
05349	0.00167917
05369	2.82605e-05
05373	0.00749499
05388	0.000460591
05407	0.000187237
05417	0.000533018
05420	0.000291817
05423	0.000304696
05435	0.00136674
05458	0.00201875
05463	0.00086281
05476	0.000372727
05481	0.0127947
05484	0.000179004
0554A	0.00079246
05556	8.29268e-05
05580	0.0022858
05624	3.69071e-05
05654	0.000837212
05659	0.00483336
05677	0.00291884
05681	0.00164588
05702	6.92229e-05
05744	0.000260104
05764	1.99439e-05
05769	0.000383328
05773	0.00145607
05816	0.000172726
05821	0.00237311
0583A	0.00091447
05855	0.000140042
05859	0.000280539
05866	7.59782e-05
05868	0.000830651
05873	0.0023559
05874	0.000201126
05886	0.00109778
05910	0.000353287
05915	3.38229e-05
05920	1.01405e-05
05957	0.00214579
05960	0.000871226
05964	9.09727e-05
05969	0.000739334
05984	0.00291537
05988	0.00013913
06039	2.42515e-05
06061	0.00460405
06106	0.00162819
06135	0.000456707
06154	0.00027536
06172	3.79678e-05
06184	0.000335383
06224	0.00601967
06257	0.000300141
06263	0.000527983
06264	0.00183103
0626A	3.32852e-05
06277	0.0013554
06297	0.000737518
06347	0.00421098
06402	0.000264245
06418	0.00264189
06423	7.68145e-05
06437	0.0026582
06454	0.000769891
06466	0.000831454
06489	0.0012235
06494	0.00407581
06517	0.00128587
06533	0.00104382
06536	8.77284e-05
06538	8.96387e-05
06544	0.000391426
06559	0.000171117
06562	0.000283315
06616	0.000865442
06671	0.0004332
06694	0.000500553
0671A	0.00271487
06735	6.03081e-05
06737	0.00233958
0673A	0.000293656
06770	0.00407467
06777	0.000634869
06792	0.00100177
06801	0.00181986
06837	0.000289632
06842	0.000643726
06882	0.000290723
06886	0.000434271
06908	0.000804662
06914	0.000441941
06918	0.000115021
06920	0.000801167
06925	0.0299027
06939	0.00112969
06967	0.00218695
06976	0.000299325
06977	0.000140821
07017	0.00266413
07045	0.00557069
07079	0.182987
07081	7.76298e-05
07084	0.000751817
07123	7.09084e-05
07173	3.34774e-05
07201	5.95767e-05
07230	0.000147334
07249	0.000506415
07272	0.00363663
07290	6.05333e-05
07311	0.000554686
07321	0.000186721
07379	0.000199283
07393	0.00507833
07416	0.00127724
07429	0.0058934
07433	0.00361296
07441	0.000379983
07461	0.0225487
07486	0.00312281
07490	0.000157559
07506	0.00251728
07508	0.000496835
07585	0.000294889
07602	0.000525847
07619	0.000277792
07636	4.22605e-05
07637	0.0304832
07642	0.0198692
07645	0.000281961
07647	0.00121356
07655	0.00743535
07663	6.31924e-05
07665	0.000102406
07685	0.00395636
07694	0.000202076
07697	0.000735318
07719	0.00051751
07726	0.000660542
07739	0.0124471
07772	0.00102076
07786	0.000650177
07788	0.000613577
07790	0.000483734
07816	0.00176816
07845	2.11424e-05
07861	0.000330552
07884	0.000251651
07886	0.000314455
07908	0.000662254
07918	0.000228795
07949	0.000810787
08003	0.00119391
08044	0.000107334
08051	0.00345732
08092	0.000289627
08093	0.00177821
08130	0.000396228
08132	0.00118661
08134	0.000406857
08145	0.0255456
08155	0.000217721
08173	0.00034468
08178	0.00168546
08212	0.000262108
08258	0.00108153
08263	0.00748343
08276	0.000172984
08300	0.000735293
08314	0.00322061
08349	0.000372062
08353	4.81397e-05
08370	0.000999776
08376	0.00075899
08427	0.000136347
08451	0.000813457
08453	0.000432581
08471	0.000456476
08499	0.000627
08512	5.09825e-05
08539	0.000490825
0853A	0.000508975
08558	0.000140693
08580	0.00129719
08594	0.00433956
08686	6.37633e-05
08687	0.000216434
08712	0.00147688
08772	0.000129316
08773	0.000234225
08780	0.00123644
08826	0.00197689
08828	0.000240194
08846	0.000170651
08848	0.00166615
08858	0.000110068
08860	8.13474e-06
08879	0.000187882
08888	0.000536278
08892	0.000589603
08964	0.00909351
09010	0.000160935
09021	0.000190054
09033	0.00152548
09055	0.000709599
09072	0.000433756
09085	0.000412656
0918A	2.79985e-05
09215	0.00181269
09217	0.000274083
09220	8.75759e-05
09221	4.13306e-05
09225	0.000149484
09226	0.00101223
09232	0.00141632
09237	2.91465e-05
09263	0.000165819
09265	0.00150918
09268	0.00175164
09283	0.000112539
09284	0.000550741
09302	9.04703e-05
09313	0.000552586
09323	0.00307959
09335	0.00236239
09345	9.40601e-05
09350	0.000337358
09357	0.00506621
09370	6.65328e-05
09417	0.00107806
09444	0.000287606
09479	0.000171342
09486	0.00496604
09503	0.00677818
09514	5.12111e-05
09529	0.0020315
09534	0.0159101
09545	0.00190868
09547	3.93767e-05
09574	0.000866849
09581	0.000351729
09582	4.57621e-05
09597	0.000109699
09599	0.000782214
09629	0.00103686
09658	9.82508e-05
09693	0.00108449
09730	0.000273654
09738	0.00369354
09766	2.35203e-05
09789	9.02509e-05
09803	0.00015636
09829	0.00102523
09837	0.000734012
09838	0.000125446
0987A	6.46516e-05
09881	0.00041204
09886	0.000156541
09896	0.00141192
09906	0.000344238
09932	0.000589072
09934	0.000287097
09951	0.000695429
09982	5.59185e-05
