# format = weight
# date = 20190430
01346	0.000325307
01356	0.000231653
01361	0.00237352
01362	0.0033583
0137A	0.000646641
01384	0.000439539
01419	0.000330931
01454	0.000491745
01464	0.000246614
01482	0.000940536
01484	0.00014978
01488	0.000688614
0148A	0.00257148
01492	5.90675e-05
01514	0.000659543
01587	0.000737119
01607	0.000169228
01616	0.00066343
01649	0.00048701
01659	0.0023294
01678	0.00111893
01681	0.000593303
01682	0.00273651
01763	0.000262474
01783	0.0271675
01821	0.000115822
01846	0.000349212
01855	3.42812e-05
01875	0.00180371
01876	0.000155496
01926	0.000826507
01953	0.000347733
01961	0.000915772
01993	0.000238366
01995	0.0108439
01999	0.000440447
02007	0.0015224
02022	0.000288441
02025	0.000337454
02029	0.000295621
02047	0.00282305
02048	0.000264201
02051	4.86692e-05
02066	0.00183171
02071	0.000356725
02092	0.000209966
02098	3.17396e-05
02104	0.00285108
02167	1.84391e-05
02180	0.000316758
02185	0.000959437
0219A	0.000583261
02209	0.000512468
02210	0.000410716
02216	0.000926605
02239	0.00307341
02244	0.000327847
02281	9.91322e-05
02282	0.000465102
02300	0.00186476
02325	7.20441e-05
02340	6.55064e-05
02343	0.000193428
02344	0.0015033
02345	0.00468503
02364	0.000296069
02365	6.46315e-05
02421	0.000249054
02432	0.000113751
02449	0.000212062
02452	0.000207737
02473	0.000430715
02494	0.0006984
02505	0.000702788
02511	0.00017067
02527	0.000751919
02544	6.509e-05
02562	4.89732e-05
02565	0.000136378
02572	0.000535776
02585	0.0012808
02605	0.00583923
02618	7.19219e-05
02638	0.000286016
02649	0.000311066
02654	0.000622635
02684	0.000150045
02725	0.000106151
02730	0.000442537
02732	0.00193208
02768	0.000169273
02776	0.000777997
02787	0.000626078
02802	0.000307121
02826	0.00102135
02831	0.000186492
0283A	0.00084948
02852	0.000984888
02876	0.00179601
02891	0.000899175
02938	0.000146166
02944	0.00152508
02962	0.00731679
02988	0.000223008
03015	0.000468176
03152	0.0059148
03195	5.72233e-05
03234	0.000198645
03244	0.00112842
03259	0.00499827
03281	0.00100012
03284	0.000426751
03297	0.0004746
03302	0.0236498
03323	4.95532e-05
03342	0.00168198
03349	0.000223889
03356	0.000139917
03357	0.0018164
03438	0.00220356
03455	0.00106941
03467	0.000487852
03476	0.00133952
03495	0.000166495
03514	0.00115856
03531	0.000129895
03546	0.000290813
03558	0.000253801
0355A	0.000245496
03569	0.000684147
03581	0.000845313
03585	0.000227518
03628	0.000563266
03664	0.000639622
03669	0.000270591
03672	0.000665262
03683	0.00364311
03690	0.00413618
03696	8.22677e-05
03729	0.000408391
03754	0.000701122
03755	7.15269e-05
03762	0.00741
03764	0.000811599
03773	0.000304906
03776	0.00428428
03797	0.00166718
03805	0.00297309
03815	0.00247027
03832	0.00014666
03853	0.0020902
03877	0.000359217
03880	5.07502e-05
03920	0.000284618
03944	0.0047986
03961	0.000226948
03962	0.000942801
03981	0.00122002
03982	0.000924022
03983	0.000887505
03988	8.56452e-05
04006	8.45128e-05
04031	0.000413379
04055	6.72892e-05
04058	0.0165762
04062	5.56429e-05
04071	0.00132311
04090	0.00317178
04119	0.000284427
04149	0.000136221
04170	0.000214667
04177	0.00884975
04194	0.000554699
0419A	0.000354412
0423A	6.16062e-05
04274	0.00407063
04300	0.000291651
04308	0.000333521
04333	0.000184099
04347	0.00012035
04392	0.000854271
04435	0.000136985
04465	0.00259228
04474	0.00267238
04529	0.0001549
04549	0.00110493
04578	0.000382164
04666	4.51113e-05
04676	0.000261137
0467A	3.61379e-05
04689	0.000237311
04703	0.000102235
04713	0.00140787
0471A	0.000981478
04762	0.000250277
04779	7.09037e-05
04784	0.00169243
04810	0.000666607
04818	0.000317049
04863	0.00771979
04873	2.24616e-05
04885	0.000300198
04894	5.01222e-05
04897	0.00479259
04907	0.00463296
04911	0.000494185
04913	0.00179021
04918	0.00220289
04922	0.000906034
04940	0.00149676
04966	0.0182676
04971	0.000484607
04987	0.000125542
04994	0.000451616
04998	0.000385344
05005	0.00138614
05011	0.000835932
05020	2.85603e-05
05027	0.00194815
05045	0.000365939
05049	0.00103894
05078	0.00394835
05092	0.00385214
05102	0.000279748
05108	0.00279576
05115	0.000865221
05131	0.000419105
05145	0.00123917
05168	8.8243e-05
05180	8.17852e-06
05183	0.00185551
05189	0.000234207
05198	0.00781035
05222	4.17846e-05
05244	0.000386162
05285	0.00130532
05316	0.00021352
05349	0.00182286
05369	3.06788e-05
05388	0.000500004
05417	0.00057863
05420	0.000316788
05423	0.000330769
05429	0.000225813
05435	0.0014837
05458	0.0021915
05481	0.0138896
05484	0.000194322
0554A	0.000860272
05556	9.0023e-05
05569	0.000246096
05579	2.82715e-05
05580	0.0024814
05581	3.49024e-05
05624	4.00652e-05
05654	0.000908854
05659	0.00524696
05677	0.00316861
05681	0.00178672
05702	7.51465e-05
0572A	0.00160037
05744	0.000282361
05764	2.16505e-05
05773	0.00158067
05816	0.000187507
05821	0.00257618
0583A	0.000992722
05855	0.000152026
05859	0.000304545
05866	8.24797e-05
05868	0.000901731
05873	0.0025575
05874	0.000218336
05881	0.001898
05886	0.00119172
05910	0.000383518
05915	3.67172e-05
05920	1.10082e-05
05957	0.00232941
05960	0.000945778
05964	9.87574e-05
05969	0.0008026
05978	0.000521194
05984	0.00316485
05988	0.000151036
06039	2.63267e-05
06061	0.00499803
06135	0.000495788
06154	0.000298923
06184	0.000364082
06224	0.00653478
06257	0.000325825
06263	0.000573164
06264	0.00198772
0626A	3.61334e-05
06277	0.00147138
06297	0.000800629
06347	0.00457132
06402	0.000286857
06423	8.33877e-05
06435	0.000251067
06437	0.00288566
06454	0.000835772
06466	0.000902603
06477	0.000727803
06489	0.0013282
06494	0.00442459
06517	0.00139591
06533	0.00113314
06536	9.52354e-05
06538	9.73092e-05
06544	0.000424921
06559	0.00018576
06562	0.000307559
06616	0.000939499
06671	0.00047027
06694	0.000543386
0671A	0.00294719
06735	6.54688e-05
06737	0.00253978
0673A	0.000318784
06751	0.00136701
06770	0.00442335
06777	0.000689196
06792	0.00108749
06801	0.00197559
06808	0.00242783
06842	0.000698811
06862	0.00310378
06882	0.000315601
06886	0.000471433
06908	0.000873519
06920	0.000869724
06925	0.0324616
06939	0.00122636
06976	0.000324938
06977	0.000152871
06981	0.000504919
07005	0.000104504
07045	0.00604739
07079	0.198645
07081	8.42727e-05
07084	0.000816151
07103	0.00313823
07123	7.69762e-05
07136	0.000578971
07173	3.63421e-05
07201	6.46748e-05
07230	0.000159941
07272	0.00394782
07283	0.00598225
07290	6.57132e-05
07321	0.000202699
07379	0.000216336
07416	0.00138654
07429	0.00639771
07433	0.00392213
07440	0.000364805
07441	0.000412499
07461	0.0244782
07486	0.00339004
07490	0.000171042
07506	0.00273268
07508	0.00053935
07558	0.0116104
07585	0.000320123
07619	0.000301563
07645	0.000306089
07647	0.0013174
07655	0.00807161
07658	0.00121575
07663	6.85999e-05
07665	0.000111169
07685	0.00429491
07694	0.000219368
07697	0.00079824
07719	0.000561794
07726	0.000717065
07739	0.0135123
07772	0.0011081
07790	0.000525128
07816	0.00191946
07845	2.29516e-05
07853	0.00105052
07861	0.000358838
07872	0.0021566
07874	0.00106589
07884	0.000273185
07886	0.000341364
07908	0.000718925
07918	0.000248373
07949	0.000880167
08003	0.00129607
08044	0.000116518
08045	0.0019745
08051	0.00375317
08093	0.00193037
08130	0.000430134
08132	0.00128815
08133	0.00153243
08134	0.000441672
08145	0.0277316
08155	0.000236352
08173	0.000374175
08178	0.00182969
08210	0.000171159
08212	0.000284537
08276	0.000187787
08300	0.000798213
08314	0.0034962
08353	5.22591e-05
08363	0.000543438
08370	0.00108533
08376	0.000823938
08427	0.000148015
08434	0.0224024
08451	0.000883065
08453	0.000469597
08471	0.000495538
08482	0.000385659
08499	0.000680653
08539	0.000532826
0853A	0.000552529
08580	0.0014082
08594	0.00471091
08676	0.00118889
08686	6.92196e-05
08687	0.000234954
08712	0.00160326
08747	0.000656146
08772	0.000140382
08780	0.00134225
08826	0.00214605
08828	0.000260748
08846	0.000185254
08848	0.00180872
08854	0.00218993
08858	0.000119487
08860	8.83084e-06
08888	0.000582168
08890	6.5497e-05
08892	0.000640056
08913	0.00162943
09021	0.000206317
09055	0.000770321
09072	0.000470873
09085	0.000447968
09182	1.71048e-05
09215	0.0019678
09217	0.000297537
09221	4.48673e-05
09226	0.00109885
09232	0.00153752
09237	3.16406e-05
09263	0.000180009
09265	0.00163832
09278	0.000340063
09284	0.000597869
09302	9.8212e-05
09313	0.000599872
09323	0.00334312
09335	0.00256455
09345	0.000102109
09350	0.000366226
09357	0.00549973
09360	0.0022975
09370	7.22261e-05
09417	0.00117031
09444	0.000312217
09479	0.000186004
09486	0.00539099
09503	0.0073582
09514	5.55933e-05
09529	0.00220534
09534	0.0172715
09545	0.00207201
09547	4.27462e-05
09581	0.000381827
09582	4.9678e-05
09595	0.000537118
09597	0.000119086
09599	0.00084915
09658	0.000106658
09730	0.000297071
09738	0.00400961
09766	2.55329e-05
09788	0.000717088
09789	9.79738e-05
09829	0.00111296
09837	0.000796823
09838	0.000136181
09881	0.000447299
09883	0.00530448
09886	0.000169937
09896	0.00153274
09906	0.000373695
09918	0.000287426
09932	0.00063948
09934	0.000311664
09951	0.000754938
09982	6.07035e-05
09986	9.87255e-05
