# format = weight
# date = 20191129
01346	0.000299826
01356	0.000213508
01361	0.00218761
01362	0.00309526
0137A	0.000595992
01384	0.000405111
01419	0.000305011
01454	0.000453228
01464	0.000227297
01489	0.000974
0148A	0.00237007
01514	0.000607883
01555	0.000196792
01572	0.00214995
01587	0.000679383
01607	0.000155973
01616	0.000611466
01649	0.000448865
01659	0.00214694
01678	0.00103129
01681	0.000546832
01682	0.00252217
01729	0.000100191
01763	0.000241915
01780	2.50258e-05
01783	0.0250395
01821	0.00010675
01846	0.00032186
01855	3.15961e-05
01875	0.00166243
01876	0.000143316
01926	0.000761769
01961	0.000844042
01993	0.000219696
01999	0.000405948
02007	0.00140316
02022	0.000265848
02025	0.000311023
02047	0.00260193
02051	4.48571e-05
02066	0.00168824
02071	0.000328784
02092	0.00019352
02098	2.92535e-05
02103	0.00172781
02104	0.00262777
02167	1.69948e-05
02180	0.000291947
02185	0.000884287
0219A	0.000537576
02210	0.000378546
02216	0.000854027
02239	0.00283268
02244	0.000302168
02281	9.13675e-05
02282	0.000428672
02300	0.0017187
02303	0.00191996
02325	6.64012e-05
02340	6.03755e-05
02343	0.000178277
02344	0.00138555
02359	9.06009e-05
02364	0.000272879
02365	5.95692e-05
02421	0.000229547
02425	0.00245154
02449	0.000195452
02452	0.000191466
02473	0.000396979
02482	8.25269e-05
02494	0.000643697
02505	0.000647741
02511	0.000157302
02527	0.000693024
02544	5.99917e-05
02562	4.51373e-05
02563	0.00261795
02565	0.000125696
02571	0.00205653
02572	0.000493811
02585	0.00118048
02605	0.00538186
02649	0.000286701
02654	0.000573866
02681	0.00011493
02684	0.000138292
02694	0.000334953
02730	0.000407874
02768	0.000156015
02776	0.000717059
02813	0.0102191
02826	0.00094135
02831	0.000171884
0283A	0.000782943
02852	0.000907745
02859	0.000769172
02876	0.00165533
02891	0.000828745
02944	0.00140563
02962	0.00674369
0296A	0.00404406
02973	1.70137e-05
02988	0.000205541
02989	0.00069045
03007	0.000121614
03015	0.000431505
03073	0.00675001
03152	0.00545151
03160	0.000264423
03195	5.27412e-05
03234	0.000183086
03259	0.00460677
03268	0.0045755
03281	0.000921787
03284	0.000393325
03297	0.000437426
03302	0.0217973
03323	4.56718e-05
03342	0.00155024
03349	0.000206353
03356	0.000128958
03357	0.00167412
03438	0.00203096
03455	0.000985647
03467	0.00044964
03476	0.0012346
03495	0.000153454
03514	0.00106782
03531	0.00011972
03546	0.000268034
03558	0.000233922
0355A	0.000226267
03569	0.00063056
03585	0.000209697
03617	5.59645e-05
03619	0.000206987
03628	0.000519148
03669	0.000249396
03672	0.000613155
03683	0.00335776
03696	7.5824e-05
03729	0.000376403
03754	0.000646205
03755	6.59245e-05
03762	0.0068296
03764	0.000748029
03776	0.00394871
03797	0.0015366
03805	0.00274021
03809	0.000222365
03815	0.00227678
03832	0.000135173
03846	0.000885846
03853	0.00192648
03864	0.00198492
03877	0.000331081
03880	4.67751e-05
03920	0.000262325
03944	0.00442275
03961	0.000209172
03962	0.000868954
03967	0.000267631
03982	0.000851646
03983	0.00081799
03988	7.89369e-05
04006	7.78932e-05
04007	0.000147047
04031	0.000381
0404A	0.000399068
04055	6.20187e-05
04058	0.0152778
04062	5.12846e-05
04071	0.00121947
04090	0.00292334
04119	0.000262149
04149	0.000125551
04170	0.000197853
04177	0.00815658
04194	0.000511252
0419A	0.000326652
04209	0.000349895
0423A	5.67808e-05
04274	0.00375179
04300	0.000268807
04308	0.000307397
04319	0.000367623
04333	0.000169679
04347	0.000110924
04362	3.68918e-05
04392	0.000787358
04465	0.00238923
04482	1.16662e-05
04524	0.000288744
04529	0.000142767
04549	0.00101838
04578	0.000352231
04662	0.00376847
04666	4.15779e-05
04676	0.000240683
0467A	3.33074e-05
04689	0.000218723
04703	9.42275e-05
04713	0.0012976
04762	0.000230673
04779	6.535e-05
04784	0.00155987
04810	0.000614394
04818	0.000292215
04854	0.010182
04863	0.00711512
04865	0.000763191
04873	2.07022e-05
04885	0.000276685
04894	4.61963e-05
04897	0.0044172
04913	0.00164999
04918	0.00203035
04922	0.000835067
04940	0.00137952
04966	0.0168367
04971	0.000446649
04987	0.000115709
04994	0.000416242
05005	0.00127756
05008	0.0115638
05011	0.000770456
05012	0.00495184
05020	2.63233e-05
05027	0.00179555
05045	0.000337276
05078	0.00363909
05092	0.00355041
05102	0.000257836
05108	0.00257678
05115	0.000797452
05131	0.000386278
05168	8.13312e-05
05183	0.00171018
05189	0.000215862
05215	0.000386604
05222	3.85117e-05
05244	0.000355916
05282	0.00207001
05284	0.000161932
05285	0.00120308
05316	0.000196795
05349	0.00168008
05373	0.00749906
05388	0.00046084
05407	0.000187338
05416	0.00166818
05417	0.000533308
05420	0.000291975
05423	0.000304861
05429	0.000208126
05435	0.00136748
05458	0.00201985
05463	0.000863278
05476	0.000372929
05481	0.0128016
05484	0.000179101
05556	8.29718e-05
05569	0.00022682
05580	0.00228704
05581	3.21686e-05
05654	0.000837666
05659	0.00483598
05677	0.00292042
05681	0.00164677
05702	6.92605e-05
0572A	0.00147502
05744	0.000260245
05764	1.99547e-05
05769	0.000383536
05773	0.00145686
05816	0.00017282
05821	0.00237439
0583A	0.000914966
05855	0.000140118
05859	0.000280691
05866	7.60194e-05
05868	0.000831102
05873	0.00235718
05881	0.00174933
05886	0.00109838
05910	0.000353478
05915	3.38412e-05
05920	1.0146e-05
05928	0.000787856
05957	0.00214696
05964	9.1022e-05
05969	0.000739735
05978	0.000480371
05984	0.00291696
05988	0.000139205
06039	2.42646e-05
06061	0.00460655
06106	0.00162907
06154	0.000275509
06172	3.79884e-05
06224	0.00602293
06263	0.00052827
06264	0.00183203
0626A	3.33032e-05
06277	0.00135613
06297	0.000737918
06347	0.00421326
06402	0.000264389
06418	0.00264333
06423	7.68562e-05
06435	0.000231402
06454	0.000770309
06477	0.000670796
06489	0.00122417
06517	0.00128657
06533	0.00104438
06536	8.7776e-05
06538	8.96873e-05
06544	0.000391638
06559	0.00017121
06562	0.000283469
06616	0.000865912
06671	0.000433435
06694	0.000500824
0671A	0.00271634
06735	6.03408e-05
0673A	0.000293815
06751	0.00125994
06770	0.00407688
06777	0.000635213
06792	0.00100231
06801	0.00182085
06808	0.00223766
06832	0.0179907
06837	0.000289789
06842	0.000644076
06862	0.00286067
06882	0.000290881
06886	0.000434507
06908	0.000805099
06914	0.000442181
06918	0.000115083
06920	0.000801601
06939	0.0011303
06967	0.00218814
06976	0.000299487
06977	0.000140897
07045	0.00557372
07079	0.183086
07081	7.76719e-05
07084	0.000752225
07103	0.00289242
07123	7.09469e-05
07136	0.000533622
07173	3.34955e-05
07201	5.9609e-05
07230	0.000147413
07249	0.000506689
07272	0.0036386
07283	0.00551368
07290	6.05661e-05
07321	0.000186823
07379	0.000199391
07416	0.00127793
07429	0.0058966
07433	0.00361492
07440	0.000336231
07441	0.00038019
07461	0.0225609
07486	0.00312451
07490	0.000157645
07506	0.00251864
07508	0.000497105
07558	0.010701
07585	0.000295049
07602	0.000526132
07609	0.00638478
07619	0.000277943
07636	4.22834e-05
07637	0.0304997
07642	0.01988
07645	0.000282114
07647	0.00121421
07655	0.00743939
07658	0.00112053
07663	6.32267e-05
07665	0.000102462
07694	0.000202186
07726	0.0006609
07739	0.0124539
07772	0.00102131
07786	0.000650529
07790	0.000483996
07816	0.00176912
07845	2.11539e-05
07872	0.00198768
07874	0.000982402
07884	0.000251788
07886	0.000314626
07918	0.000228919
07924	0.00108391
07949	0.000811227
08003	0.00119455
08044	0.000107392
08045	0.00181985
08049	6.75116e-05
08051	0.00345919
08093	0.00177917
08130	0.000396443
08132	0.00118725
08133	0.0014124
08134	0.000407077
08145	0.0255595
08155	0.000217839
08210	0.000157753
08212	0.00026225
08258	0.00108212
08276	0.000173078
08300	0.000735691
08349	0.000372264
08353	4.81658e-05
08363	0.000500873
08370	0.00100032
08376	0.000759402
08427	0.000136421
08434	0.0206477
08453	0.000432815
08471	0.000456724
08482	0.000355452
08499	0.00062734
08512	5.10101e-05
08539	0.000491091
0853A	0.000509251
08558	0.00014077
08580	0.0012979
08594	0.00434192
08676	0.00109577
08686	6.37979e-05
08687	0.000216551
08747	0.000604752
08772	0.000129386
08773	0.000234352
08780	0.00123711
08826	0.00197796
08828	0.000240324
08846	0.000170743
08848	0.00166705
08854	0.0020184
08858	0.000110128
08860	8.13915e-06
08879	0.000187984
08888	0.000536569
08890	6.03669e-05
08892	0.000589923
08913	0.0015018
08964	0.00909844
09010	0.000161022
09021	0.000190157
09033	0.00152631
09055	0.000709984
09072	0.000433991
09085	0.00041288
09182	1.57651e-05
0918A	2.80137e-05
09215	0.00181367
09217	0.000274232
09220	8.76234e-05
09221	4.1353e-05
09225	0.000149565
09226	0.00101278
09232	0.00141709
09263	0.000165909
09265	0.00150999
09268	0.00175259
09283	0.0001126
09284	0.00055104
09302	9.05194e-05
09313	0.000552886
09335	0.00236367
09345	9.41111e-05
09350	0.000337541
09360	0.00211754
09370	6.65689e-05
09417	0.00107865
09444	0.000287762
09479	0.000171435
09503	0.00678186
09514	5.12389e-05
09529	0.0020326
09534	0.0159187
09545	0.00190972
09547	3.93981e-05
09574	0.00086732
09581	0.00035192
09582	4.57869e-05
09595	0.000495048
09597	0.000109758
09599	0.000782639
09629	0.00103742
09658	9.83041e-05
09693	0.00108508
09710	0.000188333
09730	0.000273803
09738	0.00369555
09766	2.3533e-05
09788	0.000660921
09789	9.02999e-05
09803	0.000156445
09829	0.00102578
09837	0.00073441
09838	0.000125514
0987A	6.46867e-05
09883	0.004889
09886	0.000156626
09896	0.00141269
09906	0.000344425
09918	0.000264913
09932	0.000589392
09934	0.000287253
09951	0.000695806
09982	5.59488e-05
09986	9.09927e-05
