# format = weight
# date = 20190731
01346	0.000290806
01356	0.000207085
01361	0.00212179
01362	0.00300213
01384	0.000392923
01419	0.000295834
01464	0.000220459
01482	0.000840786
01484	0.000133894
01488	0.000615582
01489	0.000944696
0148A	0.00229876
01492	5.2803e-05
01555	0.000190871
01572	0.00208527
01587	0.000658943
01607	0.00015128
01616	0.000593069
01649	0.00043536
01682	0.00244629
01729	9.71769e-05
01780	2.42728e-05
01783	0.0242862
01821	0.000103538
01846	0.000312176
01855	3.06455e-05
01876	0.000139004
01926	0.00073885
01961	0.000818648
01993	0.000213086
01995	0.0096938
01999	0.000393734
02007	0.00136094
02022	0.00025785
02025	0.000301665
02029	0.000264269
02047	0.00252364
02048	0.00023618
02051	4.35075e-05
02066	0.00163745
02092	0.000187698
02098	2.83734e-05
02103	0.00167582
02104	0.00254871
02180	0.000283163
02185	0.000857682
0219A	0.000521402
02239	0.00274745
02244	0.000293077
02281	8.86186e-05
02282	0.000415775
02284	0.000347864
02300	0.00166699
02303	0.00186219
02325	6.44034e-05
02340	5.8559e-05
02343	0.000172914
02344	0.00134387
02345	0.00418815
02359	8.78751e-05
02364	0.000264669
02365	5.7777e-05
02421	0.00022264
02425	0.00237778
02432	0.000101687
02452	0.000185705
02473	0.000385035
02494	0.00062433
02505	0.000628253
02511	0.00015257
02527	0.000672173
02544	5.81867e-05
02565	0.000121914
02572	0.000478954
02585	0.00114496
02605	0.00521994
02618	6.42941e-05
02630	0.000493274
02638	0.000255682
02649	0.000278076
02654	0.000556601
02681	0.000111472
02684	0.000134132
02694	0.000324875
02725	9.48927e-05
02730	0.000395603
02732	0.00172717
02776	0.000695485
02787	0.000559678
02802	0.000274549
02813	0.00991165
02826	0.000913028
02831	0.000166713
0283A	0.000759387
02852	0.000880434
02859	0.00074603
02876	0.00160553
02938	0.000130664
02944	0.00136334
02962	0.0065408
0296A	0.00392239
02988	0.000199357
02989	0.000669677
03007	0.000117955
03015	0.000418523
03073	0.00654693
03152	0.00528749
03160	0.000256467
03195	5.11544e-05
03234	0.000177577
03244	0.00100875
03259	0.00446817
03268	0.00443784
03281	0.000894054
03302	0.0211415
03323	4.42977e-05
03349	0.000200144
03357	0.00162376
03438	0.00196986
03455	0.000955993
03467	0.000436112
03495	0.000148837
03514	0.00103569
03531	0.000116119
03546	0.00025997
03558	0.000226884
0355A	0.000219459
03569	0.000611589
03581	0.000755662
03585	0.000203388
03617	5.42808e-05
03619	0.00020076
03628	0.000503528
03664	0.000571786
03669	0.000241893
03672	0.000594707
03683	0.00325673
03690	0.00369751
03696	7.35427e-05
03729	0.000365079
03754	0.000626763
03755	6.3941e-05
03762	0.00662412
03764	0.000725524
03773	0.000272569
03776	0.0038299
03797	0.00149037
03805	0.00265777
03809	0.000215674
03846	0.000859194
03853	0.00186852
03864	0.0019252
03877	0.00032112
03920	0.000254433
03944	0.00428968
03961	0.000202879
03962	0.00084281
03967	0.000259579
03981	0.00109063
03982	0.000826023
03983	0.000793379
03988	7.65619e-05
04006	7.55497e-05
04007	0.000142623
04031	0.000369537
0404A	0.000387061
04055	6.01528e-05
04058	0.0148182
04062	4.97416e-05
04071	0.00118278
04090	0.00283539
04119	0.000254262
04170	0.0001919
04177	0.00791118
04194	0.00049587
0419A	0.000316824
04209	0.000339368
0423A	5.50725e-05
04274	0.00363891
04300	0.00026072
04308	0.000298149
04333	0.000164574
04347	0.000107586
04362	3.57819e-05
04426	0.000290046
04435	0.000122457
04465	0.00231735
04474	0.00238896
04482	1.13152e-05
04524	0.000280057
04529	0.000138472
04549	0.000987744
04662	0.00365509
04666	4.0327e-05
04676	0.000233442
0467A	3.23053e-05
04689	0.000212143
04703	9.13925e-05
04713	0.00125856
0471A	0.000877386
04762	0.000223733
04779	6.33839e-05
04784	0.00151294
04810	0.000595909
04818	0.000283424
04854	0.00987567
04863	0.00690105
04865	0.00074023
04873	2.00794e-05
04885	0.00026836
04894	4.48064e-05
04897	0.0042843
04907	0.0041416
04913	0.00160035
04918	0.00196926
04922	0.000809943
04940	0.00133802
04966	0.0163302
04971	0.000433211
04987	0.000112228
04994	0.000403719
04998	0.000344476
05005	0.00123913
05008	0.0112159
05011	0.000747276
05012	0.00480285
05020	2.55313e-05
05027	0.00174153
05045	0.000327129
05078	0.0035296
05092	0.00344359
05102	0.000250079
05108	0.00249925
05115	0.000773459
05131	0.000374656
05145	0.00110775
05168	7.88842e-05
05180	7.31114e-06
05183	0.00165872
05189	0.000209368
05215	0.000374972
05222	3.7353e-05
05244	0.000345207
05284	0.00015706
05316	0.000190875
05349	0.00162954
05369	2.74251e-05
05373	0.00727344
05388	0.000446975
05407	0.000181702
05417	0.000517262
05420	0.000283191
05423	0.000295689
05429	0.000201864
05435	0.00132634
05458	0.00195908
05463	0.000837305
05476	0.000361709
05481	0.0124165
05484	0.000173713
0554A	0.000769035
05556	8.04755e-05
05569	0.000219996
05579	2.52731e-05
05580	0.00221823
05581	3.12008e-05
05624	3.58161e-05
05654	0.000812464
05659	0.00469048
05677	0.00283256
05681	0.00159722
05702	6.71767e-05
0572A	0.00143064
05744	0.000252415
05764	1.93543e-05
05769	0.000371997
05816	0.00016762
05821	0.00230296
0583A	0.000887438
05855	0.000135902
05859	0.000272246
05868	0.000806097
05873	0.00228626
05874	0.00019518
05881	0.0016967
05886	0.00106533
05910	0.000342843
05915	3.28231e-05
05920	9.84073e-06
05928	0.000764152
05957	0.00208236
05964	8.82835e-05
05969	0.000717479
05978	0.000465918
05988	0.000135017
06061	0.00446796
06135	0.000443207
06184	0.000325469
06224	0.00584172
06257	0.000291269
06263	0.000512376
06264	0.00177691
0626A	3.23012e-05
06277	0.00131533
06347	0.0040865
06402	0.000256434
06418	0.0025638
06423	7.45439e-05
06435	0.00022444
06437	0.00257962
06454	0.000747133
06477	0.000650615
06489	0.00118733
06494	0.00395533
06517	0.00124786
06536	8.51351e-05
06538	8.69889e-05
06544	0.000379855
06559	0.000166059
06562	0.00027494
06616	0.000839859
06694	0.000485756
0671A	0.00263462
06735	5.85254e-05
06737	0.00227042
06751	0.00122203
06770	0.00395423
06777	0.000616102
06792	0.000972153
06801	0.00176606
06808	0.00217034
06832	0.0174494
06837	0.00028107
06842	0.000624698
06862	0.00277461
06886	0.000421434
06908	0.000780876
06914	0.000428877
06918	0.00011162
06920	0.000777484
06925	0.0290188
06939	0.00109629
06967	0.00212231
06976	0.000290477
06977	0.000136658
06981	0.000451369
07005	9.34206e-05
07017	0.00258538
07045	0.00540602
07079	0.177577
07081	7.5335e-05
07084	0.000729593
07103	0.0028054
07123	6.88123e-05
07136	0.000517567
07173	3.24878e-05
07201	5.78156e-05
07249	0.000491445
07283	0.00534779
07290	5.87439e-05
07311	0.00053829
07379	0.000193392
07416	0.00123948
07429	0.00571919
07433	0.00350616
07440	0.000326115
07441	0.000368751
07461	0.0218821
07486	0.0030305
07490	0.000152902
07508	0.000482148
07558	0.0103791
07585	0.000286172
07609	0.00619268
07619	0.000269581
07636	4.10113e-05
07637	0.0295821
07642	0.0192819
07645	0.000273626
07647	0.00117768
07655	0.00721556
07663	6.13244e-05
07665	9.93792e-05
07694	0.000196103
07697	0.000713582
07719	0.000502212
07726	0.000641016
07739	0.0120792
07772	0.000990582
07786	0.000630957
07816	0.00171589
07845	2.05174e-05
07853	0.000939104
07872	0.00192788
07884	0.000244212
07886	0.00030516
07908	0.000642678
07918	0.000222031
07924	0.00105129
07949	0.00078682
08003	0.00115861
08044	0.000104161
08045	0.00176509
08049	6.54804e-05
08092	0.000281065
08093	0.00172564
08130	0.000384516
08133	0.0013699
08134	0.00039483
08145	0.0247905
08155	0.000211285
08173	0.000334492
08178	0.00163564
08210	0.000153007
08212	0.00025436
08258	0.00104956
08263	0.00726222
08276	0.000167871
08300	0.000713557
08314	0.00312541
08353	4.67167e-05
08363	0.000485803
08370	0.000970223
08376	0.000736554
08427	0.000132317
08451	0.000789411
08453	0.000419794
08471	0.000442983
08499	0.000608466
08512	4.94754e-05
08539	0.000476316
0853A	0.000493929
08558	0.000136534
08580	0.00125885
08686	6.18784e-05
08687	0.000210036
08712	0.00143322
08747	0.000586557
08772	0.000125494
08773	0.000227301
08826	0.00191845
08828	0.000233094
08846	0.000165606
08848	0.00161689
08854	0.00195767
08858	0.000106815
08860	7.89427e-06
08879	0.000182328
08888	0.000520426
08890	5.85506e-05
08892	0.000572174
08913	0.00145662
08964	0.0088247
09010	0.000156177
09021	0.000184436
09033	0.00148039
09055	0.000688623
09072	0.000420934
09182	1.52907e-05
0918A	2.71709e-05
09215	0.00175911
09217	0.000265981
09221	4.01089e-05
09225	0.000145065
09226	0.000982309
09237	2.82849e-05
09263	0.000160918
09265	0.00146456
09268	0.00169986
09283	0.000109212
09284	0.000534461
09302	8.7796e-05
09313	0.000536252
09323	0.00298856
09345	9.12796e-05
09350	0.000327386
09357	0.00491645
09360	0.00205383
09370	6.45661e-05
09417	0.00104619
09444	0.000279104
09479	0.000166277
09486	0.00481924
09503	0.00657782
09514	4.96973e-05
09529	0.00197145
09534	0.0154398
09545	0.00185226
09547	3.82127e-05
09574	0.000841225
09581	0.000341332
09582	4.44093e-05
09595	0.000480154
09597	0.000106456
09599	0.000759092
09629	0.00100621
09658	9.53465e-05
09693	0.00105243
09710	0.000182666
09730	0.000265565
09738	0.00358436
09766	2.2825e-05
09788	0.000641037
09789	8.75831e-05
09829	0.000994921
09837	0.000712314
09838	0.000121738
0987A	6.27405e-05
09881	0.00039986
09883	0.00474191
09886	0.000151914
09896	0.00137019
09906	0.000334062
09918	0.000256942
09932	0.000571659
09934	0.00027861
09951	0.000674872
09982	5.42655e-05
09986	8.8255e-05
