# format = weight
# date = 20191031
01346	0.000292456
01361	0.00213383
01362	0.00301916
0137A	0.00058134
01384	0.000395152
01419	0.000297512
01454	0.000442086
01464	0.000221709
01482	0.000845556
01484	0.000134654
01488	0.000619074
01489	0.000950055
01492	5.31026e-05
01514	0.000592939
01572	0.0020971
01587	0.000662681
01607	0.000152138
01616	0.000596433
01649	0.00043783
01659	0.00209416
01678	0.00100594
01681	0.000533388
01682	0.00246016
01729	9.77282e-05
01780	2.44105e-05
01783	0.0244239
01821	0.000104126
01846	0.000313947
01855	3.08193e-05
01875	0.00162156
01926	0.000743042
01961	0.000823292
01995	0.00974879
01999	0.000395968
02007	0.00136866
02022	0.000259313
02025	0.000303376
02029	0.000265768
02047	0.00253796
02048	0.00023752
02051	4.37543e-05
02066	0.00164674
02071	0.000320701
02092	0.000188762
02098	2.85343e-05
02103	0.00168533
02104	0.00256316
02167	1.6577e-05
02180	0.00028477
02185	0.000862548
0219A	0.00052436
02209	0.000460716
02210	0.00036924
02216	0.000833032
02239	0.00276304
02244	0.000294739
02281	8.91213e-05
02282	0.000418133
02284	0.000349837
02300	0.00167644
02303	0.00187276
02325	6.47687e-05
02340	5.88912e-05
02343	0.000173894
02344	0.00135149
02345	0.00421191
02359	8.83736e-05
02364	0.00026617
02365	5.81047e-05
02421	0.000223904
02425	0.00239127
02432	0.000102264
02449	0.000190647
02452	0.000186759
02473	0.000387219
02482	8.04981e-05
02494	0.000627872
02505	0.000631817
02511	0.000153435
02562	4.40276e-05
02563	0.00255359
02565	0.000122606
02571	0.00200597
02572	0.000481671
02618	6.46589e-05
02630	0.000496073
02638	0.000257132
02649	0.000279653
02694	0.000326718
02730	0.000397847
02732	0.00173697
02768	0.000152179
02776	0.000699431
02787	0.000562853
02802	0.000276106
02813	0.00996788
02826	0.000918208
02831	0.000167659
0283A	0.000763695
02852	0.000885429
02859	0.000750262
02876	0.00161464
02891	0.000808371
02938	0.000131405
02962	0.0065779
0296A	0.00394464
02973	1.65954e-05
03007	0.000118624
03073	0.00658407
03152	0.00531749
03160	0.000257922
03195	5.14446e-05
03234	0.000178585
03259	0.00449352
03268	0.00446301
03281	0.000899126
03284	0.000383656
03297	0.000426672
03302	0.0212615
03323	4.4549e-05
03342	0.00151213
03349	0.00020128
03357	0.00163297
03455	0.000961416
03476	0.00120425
03495	0.000149681
03514	0.00104156
03531	0.000116777
03558	0.000228171
0355A	0.000220704
03569	0.000615059
03581	0.000759949
03585	0.000204542
03619	0.000201899
03628	0.000506385
03664	0.00057503
03672	0.000598081
03690	0.00371849
03696	7.39599e-05
03729	0.00036715
03754	0.000630319
03755	6.43038e-05
03762	0.0066617
03764	0.00072964
03773	0.000274115
03776	0.00385163
03797	0.00149882
03805	0.00267285
03815	0.00222081
03832	0.000131849
03846	0.000864068
03853	0.00187912
03864	0.00193612
03877	0.000322942
03880	4.56252e-05
03920	0.000255876
03944	0.00431402
03961	0.000204029
03962	0.000847592
03967	0.000261052
03981	0.00109681
03982	0.000830709
03983	0.00079788
03988	7.69963e-05
04006	7.59783e-05
04007	0.000143432
04031	0.000371634
0404A	0.000389257
04055	6.0494e-05
04058	0.0149022
04062	5.00238e-05
04071	0.00118949
04090	0.00285147
04119	0.000255704
04149	0.000122464
04170	0.000192989
04177	0.00795606
04194	0.000498683
0419A	0.000318622
04209	0.000341293
0423A	5.53849e-05
04274	0.00365956
04300	0.000262199
04308	0.00029984
04319	0.000358585
04347	0.000108197
04362	3.59849e-05
04392	0.000768002
04465	0.0023305
04474	0.00240251
04482	1.13794e-05
04524	0.000281645
04529	0.000139257
04549	0.000993348
04578	0.000343571
04662	0.00367583
04666	4.05557e-05
04676	0.000234766
0467A	3.24885e-05
04689	0.000213346
04703	9.1911e-05
04713	0.0012657
0471A	0.000882363
04762	0.000225003
04779	6.37435e-05
04784	0.00152152
04810	0.00059929
04818	0.000285032
04854	0.00993169
04863	0.0069402
04865	0.000744429
04873	2.01933e-05
04885	0.000269883
04894	4.50606e-05
04907	0.0041651
04911	0.00044428
04913	0.00160943
04918	0.00198043
04940	0.00134561
04966	0.0164228
04971	0.000435669
04994	0.000406009
05005	0.00124616
05008	0.0112795
05011	0.000751515
05020	2.56761e-05
05027	0.00175141
05049	0.000934026
05078	0.00354963
05092	0.00346313
05102	0.000251497
05108	0.00251343
05131	0.000376782
05145	0.00111403
05168	7.93317e-05
05180	7.35261e-06
05183	0.00166813
05189	0.000210555
05198	0.00702162
05222	3.75649e-05
05244	0.000347166
05282	0.00201912
05284	0.000157951
05285	0.0011735
05316	0.000191957
05349	0.00163878
05369	2.75807e-05
05373	0.0073147
05388	0.000449511
05407	0.000182733
05417	0.000520197
05420	0.000284797
05423	0.000297367
05435	0.00133386
05458	0.00197019
05463	0.000842055
05476	0.000363761
05481	0.0124869
05484	0.000174698
0554A	0.000773398
05556	8.0932e-05
05569	0.000221244
05579	2.54165e-05
05580	0.00223081
05581	3.13778e-05
05624	3.60193e-05
05654	0.000817073
05659	0.00471709
05677	0.00284863
05681	0.00160628
05702	6.75578e-05
0572A	0.00143875
05744	0.000253847
05764	1.94641e-05
05769	0.000374107
05773	0.00142105
05816	0.000168571
05821	0.00231602
0583A	0.000892472
05855	0.000136673
05859	0.000273791
05866	7.41505e-05
05868	0.00081067
05873	0.00229923
05874	0.000196288
05881	0.00170633
05886	0.00107137
05910	0.000344788
05915	3.30093e-05
05920	9.89656e-06
05928	0.000768487
05957	0.00209418
05960	0.000850269
05964	8.87843e-05
05969	0.000721549
05978	0.000468561
05988	0.000135783
06039	2.36681e-05
06061	0.0044933
06106	0.00158902
06135	0.000445721
06154	0.000268736
06172	3.70545e-05
06184	0.000327315
06224	0.00587486
06257	0.000292921
06263	0.000515283
06264	0.00178699
0626A	3.24845e-05
06277	0.00132279
06297	0.000719777
06347	0.00410968
06402	0.000257889
06418	0.00257834
06423	7.49667e-05
06437	0.00259425
06454	0.000751371
06466	0.000811454
06477	0.000654305
06494	0.00397777
06517	0.00125494
06533	0.00101871
06536	8.56181e-05
06538	8.74824e-05
06544	0.00038201
06559	0.000167001
06562	0.0002765
06616	0.000844624
06671	0.000422779
06694	0.000488512
0671A	0.00264956
06735	5.88574e-05
06737	0.0022833
0673A	0.000286592
06751	0.00122897
06770	0.00397666
06792	0.000977668
06801	0.00177608
06832	0.0175484
06837	0.000282665
06882	0.00028373
06886	0.000423825
06908	0.000785306
06914	0.00043131
06918	0.000112254
06920	0.000781895
06925	0.0291834
06939	0.00110251
06967	0.00213435
06981	0.000453929
07005	9.39505e-05
07017	0.00260005
07045	0.00543669
07079	0.178585
07084	0.000733732
07103	0.00282131
07123	6.92027e-05
07136	0.000520503
07173	3.26721e-05
07201	5.81436e-05
07230	0.000143789
07249	0.000494233
07272	0.00354915
07311	0.000541343
07321	0.00018223
07393	0.00495617
07416	0.00124652
07429	0.00575163
07440	0.000327965
07486	0.0030477
07490	0.000153769
07508	0.000484884
07558	0.010438
07585	0.000287795
07602	0.000513197
07619	0.00027111
07636	4.12439e-05
07637	0.0297499
07642	0.0193913
07645	0.000275179
07647	0.00118436
07655	0.0072565
07658	0.00109298
07685	0.00386119
07719	0.000505061
07726	0.000644652
07739	0.0121477
07772	0.000996202
07786	0.000634537
07788	0.000598817
07790	0.000472097
07816	0.00172563
07845	2.06338e-05
07853	0.000944431
07861	0.000322601
07872	0.00193882
07874	0.000958251
07884	0.000245598
07886	0.000306891
07908	0.000646324
07918	0.000223291
07924	0.00105726
07949	0.000791283
08003	0.00116519
08044	0.000104752
08045	0.00177511
08049	6.58519e-05
08051	0.00337415
08092	0.00028266
08093	0.00173543
08130	0.000386697
08132	0.00115807
08133	0.00137767
08134	0.00039707
08145	0.0249311
08173	0.000336389
08178	0.00164492
08212	0.000255803
08258	0.00105551
08263	0.00730342
08276	0.000168823
08300	0.000717605
08314	0.00314314
08349	0.000363112
08353	4.69817e-05
08370	0.000975727
08376	0.000740732
08427	0.000133067
08434	0.0201401
08451	0.000793889
08453	0.000422175
08471	0.000445496
08482	0.000346714
08499	0.000611918
08512	4.97561e-05
08539	0.000479018
0853A	0.000496731
08558	0.000137309
08580	0.00126599
08676	0.00106883
08686	6.22295e-05
08687	0.000211227
08712	0.00144135
08747	0.000589885
08772	0.000126206
08773	0.00022859
08780	0.0012067
08826	0.00192933
08828	0.000234416
08848	0.00162607
08854	0.00196878
08858	0.000107421
08860	7.93906e-06
08879	0.000183362
08892	0.00057542
08964	0.00887476
09021	0.000185482
09033	0.00148879
09055	0.00069253
09072	0.000423322
09085	0.00040273
09182	1.53775e-05
0918A	2.7325e-05
09215	0.00176909
09220	8.54692e-05
09221	4.03364e-05
09225	0.000145888
09226	0.000987881
09263	0.00016183
09265	0.00147287
09268	0.00170951
09278	0.000305721
09283	0.000109832
09284	0.000537493
09302	8.8294e-05
09323	0.00300551
09335	0.00230557
09345	9.17975e-05
09350	0.000329243
09360	0.00206548
09370	6.49323e-05
09417	0.00105213
09444	0.000280687
09479	0.000167221
09486	0.00484658
09503	0.00661513
09514	4.99792e-05
09529	0.00198263
09534	0.0155273
09545	0.00186277
09547	3.84295e-05
09574	0.000845997
09582	4.46613e-05
09595	0.000482877
09597	0.00010706
09599	0.000763398
09629	0.00101192
09658	9.58874e-05
09693	0.0010584
09710	0.000183703
09730	0.000267072
09766	2.29545e-05
09788	0.000644673
09789	8.80799e-05
09803	0.000152599
09837	0.000716355
09838	0.000122428
0987A	6.30964e-05
09881	0.000402129
09883	0.00476881
09886	0.000152775
09896	0.00137796
09906	0.000335957
09918	0.0002584
09932	0.000574902
09934	0.000280191
09951	0.0006787
09982	5.45734e-05
09986	8.87557e-05
