# format = weight
# date = 20190131
01346	0.000301387
01356	0.00021462
01361	0.002199
01362	0.00311137
0137A	0.000599094
01419	0.000306598
01464	0.00022848
01482	0.000871379
01484	0.000138766
01488	0.000637981
01489	0.00097907
01492	5.47243e-05
01514	0.000611047
01515	3.25571e-05
01555	0.000197816
01572	0.00216114
01587	0.000682919
01616	0.000614648
01649	0.000451201
01659	0.00215812
01678	0.00103666
01681	0.000549678
01682	0.0025353
01729	0.000100713
01763	0.000243175
01780	2.5156e-05
01821	0.000107306
01846	0.000323535
01855	3.17606e-05
01875	0.00167109
01926	0.000765734
01961	0.000848435
01993	0.000220839
01995	0.0100465
01999	0.000408061
02007	0.00141046
02022	0.000267232
02025	0.000312641
02029	0.000273884
02047	0.00261547
02048	0.000244774
02051	4.50906e-05
02066	0.00169703
02071	0.000330495
02092	0.000194527
02098	2.94058e-05
02104	0.00264144
02167	1.70832e-05
02180	0.000293467
02185	0.00088889
0219A	0.000540374
02209	0.000474786
02210	0.000380516
02281	9.1843e-05
02284	0.000360521
02300	0.00172764
02303	0.00192995
02325	6.67468e-05
02340	6.06897e-05
02343	0.000179205
02344	0.00139276
02345	0.00434054
02364	0.000274299
02365	5.98792e-05
02425	0.0024643
02432	0.000105387
02449	0.000196469
02452	0.000192462
02505	0.000651113
02511	0.000158121
02527	0.000696631
02544	6.03039e-05
02563	0.00263158
02565	0.00012635
02571	0.00206723
02572	0.000496381
02605	0.00540987
02630	0.000511223
02638	0.000264985
02649	0.000288194
02654	0.000576853
02681	0.000115528
02684	0.000139012
02694	0.000336696
02725	9.83454e-05
02730	0.000409997
02732	0.00179001
02768	0.000156827
02787	0.000580042
02802	0.000284538
02826	0.00094625
02831	0.000172779
0283A	0.000787018
02852	0.00091247
02876	0.00166395
02891	0.000833059
02938	0.000135418
02944	0.00141295
02962	0.00677879
0296A	0.00406511
02989	0.000694043
03007	0.000122247
03015	0.000433751
03073	0.00678514
03152	0.00547988
03160	0.000265799
03195	5.30157e-05
03234	0.000184039
03259	0.00463075
03268	0.00459931
03281	0.000926585
03284	0.000395372
03297	0.000439702
03302	0.0219108
03323	4.59095e-05
03342	0.00155831
03356	0.000129629
03357	0.00168284
03438	0.00204153
03455	0.000990777
03467	0.000451981
03495	0.000154252
03531	0.000120344
03546	0.000269429
03558	0.000235139
03569	0.000633842
03581	0.000783157
03585	0.000210789
03617	5.62558e-05
03619	0.000208065
03628	0.00052185
03664	0.000592591
03683	0.00337523
03690	0.00383205
03696	7.62186e-05
03729	0.000378362
03754	0.000649569
03755	6.62676e-05
03762	0.00686514
03764	0.000751923
03773	0.000282487
03776	0.00396926
03797	0.0015446
03805	0.00275448
03809	0.000223522
03815	0.00228863
03832	0.000135876
03846	0.000890456
03864	0.00199525
03877	0.000332804
03880	4.70185e-05
03944	0.00444577
03961	0.00021026
03962	0.000873477
03967	0.000269024
03981	0.00113031
03982	0.000856079
03983	0.000822247
03988	7.93477e-05
04006	7.82986e-05
04031	0.000382983
0404A	0.000401145
04058	0.0153573
04062	5.15515e-05
04071	0.00122582
04090	0.00293856
04119	0.000263513
04149	0.000126204
04170	0.000198883
04177	0.00819903
04194	0.000513913
0419A	0.000328352
04209	0.000351716
0423A	5.70764e-05
04274	0.00377132
04300	0.000270206
04308	0.000308997
04333	0.000170562
04347	0.000111501
04362	3.70838e-05
04392	0.000791456
04426	0.000300599
04435	0.000126912
04465	0.00240167
04482	1.17269e-05
04524	0.000290247
04549	0.00102368
04578	0.000354064
04662	0.00378808
04676	0.000241936
04689	0.000219862
04703	9.47179e-05
04713	0.00130435
04762	0.000231874
04779	6.56902e-05
04784	0.00156799
04810	0.000617592
04818	0.000293736
04854	0.010235
04863	0.00715215
04873	2.081e-05
04885	0.000278125
04894	4.64368e-05
04897	0.00444019
04907	0.0042923
04911	0.000457848
04918	0.00204092
04922	0.000839414
04940	0.0013867
04966	0.0169244
04987	0.000116311
04998	0.00035701
05008	0.011624
05012	0.00497761
05020	2.64603e-05
05027	0.0018049
05045	0.000339031
05049	0.00096255
05078	0.00365803
05092	0.00356889
05102	0.000259178
05108	0.00259019
05131	0.000388288
05145	0.00114805
05168	8.17545e-05
05183	0.00171908
05189	0.000216986
05198	0.00723606
05215	0.000388616
05222	3.87122e-05
05244	0.000357768
05282	0.00208079
05316	0.00019782
05349	0.00168883
05369	2.8423e-05
05373	0.00753809
05388	0.000463239
05407	0.000188313
05416	0.00167686
05417	0.000536083
05420	0.000293495
05423	0.000306448
05429	0.000209209
05435	0.0013746
05458	0.00203036
05476	0.00037487
05481	0.0128683
05484	0.000180033
0554A	0.000797017
05556	8.34036e-05
05569	0.000228001
05579	2.61927e-05
05580	0.00229894
05581	3.2336e-05
05624	3.71193e-05
05681	0.00165534
05702	6.9621e-05
05744	0.000261599
05764	2.00585e-05
05769	0.000385532
05773	0.00146444
05816	0.000173719
05821	0.00238675
05855	0.000140847
05859	0.000282152
05866	7.6415e-05
05868	0.000835427
05873	0.00236945
05874	0.000202282
05881	0.00175844
05886	0.00110409
05910	0.000355318
05915	3.40174e-05
05920	1.01988e-05
05928	0.000791956
05957	0.00215813
05960	0.000876236
05969	0.000743585
05978	0.000482871
05984	0.00293214
05988	0.00013993
06039	2.43909e-05
06061	0.00463053
06106	0.00163755
06135	0.000459333
06154	0.000276943
06224	0.00605428
06257	0.000301867
06263	0.000531019
06264	0.00184156
06277	0.00136319
06297	0.000741759
06347	0.00423519
06402	0.000265765
06418	0.00265708
06423	7.72562e-05
06435	0.000232606
06437	0.00267348
06454	0.000774318
06466	0.000836235
06477	0.000674288
06489	0.00123054
06494	0.00409925
06517	0.00129327
06533	0.00104982
06536	8.82328e-05
06544	0.000393676
06559	0.000172101
06562	0.000284944
06616	0.000870418
06671	0.000435691
06694	0.000503431
0671A	0.00273048
06735	6.06549e-05
06737	0.00235303
0673A	0.000295344
06751	0.0012665
06770	0.0040981
06777	0.000638519
06792	0.00100753
06801	0.00183032
06808	0.00224931
06832	0.0180843
06842	0.000647428
06862	0.00287556
06886	0.000436768
06908	0.000809289
06914	0.000444482
06918	0.000115682
06920	0.000805773
06925	0.0300747
06939	0.00113618
06976	0.000301046
06977	0.000141631
06981	0.000467792
07005	9.68198e-05
07017	0.00267945
07045	0.00560273
07079	0.184039
07081	7.80762e-05
07084	0.00075614
07103	0.00290747
07123	7.13161e-05
07136	0.000536399
07173	3.36699e-05
07230	0.000148181
07249	0.000509326
07272	0.00365754
07283	0.00554238
07290	6.08813e-05
07311	0.000557876
07321	0.000187795
07379	0.000200429
07416	0.00128458
07433	0.00363374
07440	0.000337981
07441	0.000382168
07461	0.0226783
07486	0.00314077
07490	0.000158465
07506	0.00253175
07508	0.000499692
07558	0.0107567
07585	0.000296584
07602	0.00052887
07609	0.00641801
07619	0.00027939
07636	4.25035e-05
07642	0.0199835
07645	0.000283583
07647	0.00122053
07655	0.00747811
07658	0.00112636
07663	6.35558e-05
07665	0.000102995
07685	0.00397911
07719	0.000520485
07726	0.00066434
07739	0.0125187
07772	0.00102663
07786	0.000653915
07788	0.000617105
07790	0.000486515
07816	0.00177833
07845	2.1264e-05
07853	0.000973274
07861	0.000332453
07872	0.00199803
07874	0.000987516
07884	0.000253098
07886	0.000316263
07918	0.00023011
07924	0.00108955
07949	0.000815449
08003	0.00120077
08044	0.000107951
08045	0.00182932
08049	6.7863e-05
08051	0.0034772
08092	0.000291292
08093	0.00178843
08130	0.000398507
08132	0.00119343
08133	0.00141975
08134	0.000409196
08145	0.0256925
08173	0.000346662
08178	0.00169515
08210	0.000158574
08212	0.000263615
08258	0.00108775
08263	0.00752646
08276	0.000173979
08300	0.000739521
08314	0.00323913
08349	0.000374201
08363	0.00050348
08376	0.000763354
08427	0.000137131
08434	0.0207552
08451	0.000818134
08453	0.000435068
08482	0.000357302
08499	0.000630605
08512	5.12756e-05
08539	0.000493647
0853A	0.000511901
08558	0.000141502
08580	0.00130465
08594	0.00436451
08676	0.00110147
08686	6.41299e-05
08712	0.00148537
08747	0.0006079
08773	0.000235572
08780	0.00124355
08826	0.00198825
08828	0.000241575
08846	0.000171632
08848	0.00167573
08854	0.00202891
08858	0.000110701
08860	8.18151e-06
08879	0.000188962
08888	0.000539362
08892	0.000592993
08913	0.00150962
08964	0.00914579
09021	0.000191147
09033	0.00153426
09055	0.000713679
09072	0.00043625
09085	0.000415029
09182	1.58471e-05
0918A	2.81595e-05
09215	0.00182311
09217	0.000275659
09220	8.80794e-05
09221	4.15683e-05
09225	0.000150343
09226	0.00101805
09237	2.93141e-05
09263	0.000166773
09265	0.00151785
09268	0.00176172
09278	0.000315058
09283	0.000113186
09284	0.000553908
09302	9.09905e-05
09313	0.000555764
09323	0.0030973
09335	0.00237598
09345	9.46009e-05
09350	0.000339298
09357	0.00509534
09360	0.00212856
09370	6.69154e-05
09444	0.000289259
09479	0.000172327
09486	0.00499459
09514	5.15056e-05
09529	0.00204318
09534	0.0160015
09545	0.00191965
09547	3.96031e-05
09581	0.000353751
09595	0.000497624
09597	0.00011033
09599	0.000786712
09629	0.00104282
09693	0.00109073
09710	0.000189313
09738	0.00371478
09766	2.36555e-05
09789	9.07698e-05
09803	0.000157259
09829	0.00103112
09837	0.000738233
09838	0.000126167
0987A	6.50234e-05
09883	0.00491444
09886	0.000157441
09896	0.00142004
09906	0.000346217
09918	0.000266292
09932	0.000592459
09934	0.000288748
09982	5.624e-05
