# format = weight
# date = 20190930
01346	0.00030981
01356	0.000220618
01361	0.00226045
01362	0.00319832
01384	0.000418601
01454	0.00046832
01482	0.000895733
01484	0.000142645
01488	0.000655811
01489	0.00100643
0148A	0.00244899
01492	5.62538e-05
01514	0.000628125
01515	3.3467e-05
01555	0.000203345
01572	0.00222154
01587	0.000702005
01616	0.000631827
01649	0.000463811
01659	0.00221843
01678	0.00106563
01681	0.000565041
01682	0.00260615
01729	0.000103528
01763	0.000249971
01783	0.0258733
01821	0.000110305
01846	0.000332577
01876	0.000148088
01926	0.000787135
01953	0.000331168
01961	0.000872148
01995	0.0103273
01999	0.000419465
02007	0.00144988
02022	0.000274701
02025	0.000321379
02029	0.000281539
02047	0.00268857
02048	0.000251615
02051	4.63508e-05
02071	0.000339732
02092	0.000199964
02098	3.02276e-05
02103	0.00178534
02104	0.00271527
02167	1.75607e-05
02180	0.000301669
02185	0.000913733
0219A	0.000555476
02209	0.000488056
02210	0.000391151
02216	0.000882465
02239	0.002927
02244	0.00031223
02281	9.44099e-05
02282	0.000442946
02284	0.000370597
02300	0.00177593
02303	0.00198389
02340	6.23859e-05
02343	0.000184214
02344	0.00143169
02345	0.00446186
02359	9.36178e-05
02364	0.000281965
02425	0.00253317
02432	0.000108332
02449	0.000201961
02452	0.000197841
02473	0.000410198
02494	0.000665131
02505	0.00066931
02511	0.00016254
02527	0.0007161
02544	6.19893e-05
02563	0.00270513
02565	0.000129881
02571	0.00212501
02572	0.000510254
02585	0.00121979
02605	0.00556107
02618	6.84958e-05
02630	0.000525511
02638	0.000272391
02649	0.000296248
02654	0.000592975
02681	0.000118757
02694	0.000346106
02725	0.000101094
02730	0.000421456
02732	0.00184004
02776	0.000740936
02787	0.000596254
02802	0.000292491
02813	0.0105594
02826	0.000972696
02831	0.000177608
0283A	0.000809014
02852	0.000937972
02859	0.000794784
02876	0.00171045
02891	0.000856342
02938	0.000139203
02944	0.00145244
02962	0.00696825
02973	1.75802e-05
02988	0.000212385
02989	0.000713441
03007	0.000125663
03015	0.000445874
03152	0.00563304
03160	0.000273228
03195	5.44974e-05
03234	0.000189182
03259	0.00476017
03268	0.00472785
03281	0.000952481
03284	0.000406423
03297	0.000451991
03302	0.0225232
03349	0.000213224
03356	0.000133252
03357	0.00172987
03438	0.00209859
03467	0.000464613
03476	0.00127571
03495	0.000158564
03514	0.00110337
03531	0.000123707
03546	0.00027696
03558	0.000241711
0355A	0.000233801
03569	0.000651557
03581	0.000805045
03664	0.000609153
03669	0.000257701
03672	0.000633572
03683	0.00346956
03690	0.00393915
03696	7.83488e-05
03729	0.000388937
03754	0.000667723
03764	0.000772938
03773	0.000290382
03776	0.00408019
03797	0.00158777
03805	0.00283146
03809	0.000229769
03815	0.00235259
03832	0.000139674
03853	0.00199063
03864	0.00205102
03877	0.000342106
03880	4.83326e-05
03920	0.00027106
03944	0.00457002
03961	0.000216137
03962	0.000897889
03967	0.000276543
03981	0.0011619
03982	0.000880005
03983	0.000845228
03988	8.15654e-05
04006	8.04869e-05
04007	0.000151944
04031	0.000393687
04055	6.40838e-05
04058	0.0157866
04062	5.29923e-05
04071	0.00126008
04090	0.00302068
04119	0.000270878
04149	0.000129732
04170	0.000204441
04177	0.00842818
04194	0.000528276
0419A	0.000337529
04209	0.000361546
04274	0.00387672
04300	0.000277758
04308	0.000317633
04319	0.000379864
04362	3.81203e-05
04392	0.000813576
04426	0.000309001
04435	0.000130459
04465	0.00246879
04474	0.00254508
04482	1.20546e-05
04524	0.000298359
04529	0.000147521
04549	0.00105229
04578	0.000363959
04662	0.00389396
04666	4.29624e-05
0467A	3.44165e-05
04689	0.000226007
04703	9.73652e-05
04713	0.00134081
0471A	0.000934724
04762	0.000238355
04779	6.75261e-05
04784	0.00161181
04818	0.000301946
04863	0.00735205
04865	0.000788605
04885	0.000285898
04894	4.77346e-05
04907	0.00441226
04911	0.000470644
04913	0.00170493
04918	0.00209796
04922	0.000862874
04940	0.00142546
04966	0.0173974
04971	0.000461522
04987	0.000119562
04994	0.000430103
04998	0.000366988
05011	0.000796111
05012	0.00511673
05020	2.71998e-05
05045	0.000348507
05049	0.000989452
05078	0.00376027
05092	0.00366864
05102	0.000266421
05108	0.00266258
05115	0.000824006
05131	0.000399141
05145	0.00118014
05168	8.40394e-05
05180	7.78893e-06
05183	0.00176712
05189	0.00022305
05198	0.0074383
05215	0.000399477
05282	0.00213894
05284	0.000167324
05349	0.00173603
05373	0.00774877
05388	0.000476186
05407	0.000193576
05416	0.00172373
05420	0.000301698
05423	0.000315013
05429	0.000215056
05435	0.00141302
05458	0.00208711
05463	0.000892024
05476	0.000385347
05481	0.0132279
05484	0.000185065
05556	8.57346e-05
05569	0.000234373
05580	0.00236319
05581	3.32398e-05
05624	3.81567e-05
05654	0.000865559
05659	0.00499701
05681	0.0017016
05702	7.15668e-05
0572A	0.00152413
05744	0.000268911
05764	2.06191e-05
05769	0.000396307
05816	0.000178575
05821	0.00245346
0583A	0.000945433
05855	0.000144784
05859	0.000290038
05866	7.85507e-05
05868	0.000858776
05873	0.00243567
05874	0.000207936
05886	0.00113495
05910	0.000365249
05915	3.49681e-05
05920	1.04838e-05
05928	0.00081409
05957	0.00221845
05960	0.000900725
05964	9.40529e-05
05969	0.000764367
05978	0.000496366
05984	0.00301409
05988	0.000143841
06039	2.50726e-05
06135	0.000472171
06172	3.92534e-05
06184	0.000346739
06257	0.000310304
06263	0.000545861
06264	0.00189303
0626A	3.44122e-05
06347	0.00435356
06402	0.000273193
06418	0.00273135
06423	7.94154e-05
06435	0.000239107
06437	0.0027482
06466	0.000859607
06494	0.00421382
06533	0.00107916
06536	9.06988e-05
06538	9.26738e-05
06544	0.000404679
06559	0.000176911
06562	0.000292908
06616	0.000894745
06671	0.000447868
06694	0.000517501
0671A	0.00280679
06737	0.0024188
0673A	0.000303599
06770	0.00421264
06792	0.00103568
06801	0.00188148
06808	0.00231217
06837	0.000299439
06862	0.00295593
06886	0.000448975
06908	0.000831908
06914	0.000456905
06918	0.000118915
06920	0.000828294
06925	0.0309152
06967	0.002261
06976	0.00030946
06977	0.000145589
06981	0.000480866
07005	9.95257e-05
07017	0.00275434
07045	0.00575931
07079	0.189182
07081	8.02583e-05
07103	0.00298873
07136	0.000551391
07173	3.46109e-05
07230	0.000152322
07249	0.000523561
07272	0.00375977
07283	0.00569728
07290	6.25829e-05
07311	0.000573468
07321	0.000193044
07393	0.00525028
07416	0.00132049
07429	0.00609295
07440	0.000347427
07441	0.000392849
07461	0.0233122
07486	0.00322855
07490	0.000162894
07508	0.000513657
07585	0.000304873
07602	0.000543651
07609	0.00659738
07619	0.000287198
07637	0.0315153
07645	0.000291508
07655	0.00768711
07658	0.00115784
07663	6.5332e-05
07685	0.00409032
07694	0.000208919
07697	0.000760215
07719	0.000535032
07726	0.000682907
07739	0.0128686
07772	0.00105532
07786	0.000672191
07788	0.000634352
07790	0.000500113
07816	0.00182803
07845	2.18583e-05
07853	0.00100048
07861	0.000341744
07872	0.00205387
07884	0.000260172
07886	0.000325102
07918	0.000236541
08003	0.00123433
08044	0.000110968
08045	0.00188044
08051	0.00357438
08092	0.000299433
08093	0.00183841
08132	0.00122679
08133	0.00145943
08134	0.000420633
08145	0.0264106
08155	0.000225093
08173	0.000356351
08178	0.00174253
08210	0.000163006
08212	0.000270983
08263	0.00773681
08300	0.000760189
08314	0.00332966
08349	0.00038466
08353	4.97697e-05
08370	0.00103363
08376	0.000784689
08434	0.0213353
08451	0.000841
08453	0.000447228
08471	0.000471932
08482	0.000367288
08499	0.00064823
08512	5.27087e-05
08539	0.000507444
0853A	0.000526208
08580	0.00134112
08594	0.0044865
08676	0.00113225
08686	6.59223e-05
08687	0.000223762
08747	0.00062489
08772	0.000133695
08773	0.000242155
08780	0.00127831
08826	0.00204382
08828	0.000248327
08848	0.00172256
08854	0.00208561
08858	0.000113795
08879	0.000194244
08892	0.000609566
08913	0.00155181
08964	0.00940141
09021	0.000196489
09033	0.00157714
09055	0.000733625
09182	1.629e-05
0918A	2.89465e-05
09215	0.00187407
09217	0.000283364
09220	9.05411e-05
09221	4.273e-05
09225	0.000154545
09232	0.00146428
09237	3.01333e-05
09263	0.000171434
09265	0.00156028
09268	0.00181095
09278	0.000323863
09283	0.000116349
09284	0.000569389
09302	9.35335e-05
09313	0.000571296
09323	0.00318387
09345	9.72449e-05
09360	0.00218805
09370	6.87855e-05
09417	0.00111456
09444	0.000297344
09479	0.000177144
09486	0.00513418
09503	0.00700769
09529	0.00210029
09534	0.0164488
09545	0.00197331
09547	4.071e-05
09574	0.0008962
09582	4.73115e-05
09595	0.000511532
09597	0.000113413
09599	0.0008087
09629	0.00107197
09658	0.000101578
09693	0.00112121
09710	0.000194604
09730	0.00028292
09738	0.00381861
09766	2.43166e-05
09788	0.000682929
09789	9.33067e-05
09803	0.000161654
09829	0.00105994
09838	0.000129693
0987A	6.68407e-05
09881	0.000425992
09883	0.00505179
09886	0.000161841
09896	0.00145973
09906	0.000355894
09918	0.000273734
09932	0.000609018
09951	0.000718975
09982	5.78118e-05
09986	9.40226e-05
