# format = weight
# date = 20190531
01346	0.000296223
01356	0.000210943
01361	0.00216132
01362	0.00305806
0137A	0.00058883
01384	0.000400243
01419	0.000301345
01454	0.000447781
01464	0.000224566
01482	0.00085645
01484	0.000136389
01488	0.00062705
01489	0.000962295
01492	5.37867e-05
01514	0.000600578
01515	3.19993e-05
01555	0.000194427
01572	0.00212411
01587	0.000671218
01607	0.000154099
01649	0.00044347
01659	0.00212114
01678	0.0010189
01681	0.00054026
01682	0.00249186
01729	9.89873e-05
01763	0.000239008
01780	2.4725e-05
01783	0.0247386
01821	0.000105467
01846	0.000317992
01855	3.12164e-05
01876	0.000141594
01926	0.000752615
01953	0.000316645
01961	0.000833899
01993	0.000217056
01995	0.00987439
01999	0.00040107
02007	0.0013863
02022	0.000262654
02025	0.000307285
02029	0.000269192
02047	0.00257066
02048	0.00024058
02051	4.43181e-05
02066	0.00166795
02071	0.000324833
02092	0.000191194
02098	2.8902e-05
02103	0.00170704
02104	0.00259619
02167	1.67906e-05
02180	0.000288439
0219A	0.000531116
02209	0.000466652
02210	0.000373997
02216	0.000843764
02244	0.000298537
02282	0.000423521
02300	0.00169804
02303	0.00189688
02343	0.000176135
02344	0.0013689
02345	0.00426618
02359	8.95121e-05
02364	0.000269599
02425	0.00242208
02432	0.000103581
02449	0.000193103
02473	0.000392208
02482	8.15352e-05
02494	0.000635962
02511	0.000155412
02527	0.000684695
02544	5.92707e-05
02562	4.45949e-05
02563	0.00258649
02565	0.000124185
02571	0.00203182
02572	0.000487876
02605	0.00531719
02630	0.000502464
02638	0.000260445
02649	0.000283256
02654	0.00056697
02684	0.000136631
02694	0.000330927
02725	9.66605e-05
02732	0.00175934
02768	0.00015414
02776	0.000708442
02787	0.000570105
02802	0.000279663
02813	0.0100963
02826	0.000930038
02831	0.000169819
02852	0.000896836
02859	0.000759928
02938	0.000133098
02944	0.00138874
02962	0.00666265
0296A	0.00399546
02973	1.68092e-05
02988	0.000203071
02989	0.000682153
03007	0.000120152
03015	0.00042632
03073	0.00666889
03195	5.21074e-05
03244	0.00102754
03259	0.00455141
03268	0.00452051
03281	0.00091071
03297	0.000432169
03302	0.0215354
03323	4.5123e-05
03349	0.000203873
03356	0.000127408
03357	0.00165401
03438	0.00200655
03455	0.000973803
03467	0.000444237
03476	0.00121976
03495	0.00015161
03514	0.00105498
03531	0.000118282
03558	0.000231111
03569	0.000622983
03585	0.000207177
03617	5.5292e-05
03619	0.0002045
03628	0.000512909
03664	0.000582438
03669	0.000246399
03672	0.000605786
03683	0.0033174
03690	0.0037664
03696	7.49128e-05
03729	0.00037188
03754	0.00063844
03764	0.00073904
03773	0.000277647
03776	0.00390125
03805	0.00270728
03809	0.000219692
03815	0.00224942
03832	0.000133548
03846	0.0008752
03853	0.00190333
03864	0.00196107
03877	0.000327102
03880	4.6213e-05
03920	0.000259173
03944	0.0043696
03961	0.000206658
03981	0.00111094
03983	0.00080816
03988	7.79883e-05
04006	7.69571e-05
04007	0.00014528
0404A	0.000394272
04055	6.12734e-05
04058	0.0150942
04090	0.00288821
04119	0.000258999
04149	0.000124042
04170	0.000195476
04177	0.00805856
04194	0.000505108
04209	0.00034569
04274	0.00370671
04300	0.000265577
04308	0.000303703
04319	0.000363205
04362	3.64485e-05
04426	0.000295449
04435	0.000124738
04465	0.00236052
04474	0.00243346
04482	1.1526e-05
04524	0.000285274
04529	0.000141051
04549	0.00100615
04578	0.000347998
04666	4.10782e-05
04676	0.000237791
0467A	3.29071e-05
04689	0.000216095
04703	9.30952e-05
04713	0.001282
0471A	0.000893731
04762	0.000227901
04779	6.45647e-05
04784	0.00154112
04810	0.000607011
04818	0.000288704
04854	0.0100597
04865	0.00075402
04873	2.04535e-05
04885	0.00027336
04894	4.56412e-05
04907	0.00421876
04911	0.000450004
04913	0.00163016
04918	0.00200595
04922	0.000825032
04940	0.00136295
04966	0.0166344
04971	0.000441282
04994	0.00041124
04998	0.000350894
05005	0.00126221
05011	0.000761197
05020	2.60069e-05
05045	0.000333223
05049	0.000946059
05092	0.00350775
05102	0.000254737
05108	0.00254581
05115	0.000787868
05131	0.000381636
05145	0.00112838
05168	8.03538e-05
05180	7.44734e-06
05215	0.000381958
05222	3.80489e-05
05244	0.000351638
05282	0.00204514
05284	0.000159986
05316	0.00019443
05349	0.00165989
05369	2.7936e-05
05373	0.00740894
05388	0.000455302
05407	0.000185087
05416	0.00164814
05417	0.000526899
05420	0.000288467
05435	0.00135105
05458	0.00199558
05463	0.000852904
05476	0.000368448
05481	0.0126478
05484	0.000176949
0554A	0.000783362
05569	0.000224094
05579	2.57439e-05
05580	0.00225956
05581	3.1782e-05
05624	3.64833e-05
05654	0.0008276
05659	0.00477787
05677	0.00288533
05681	0.00162698
05702	6.84282e-05
0572A	0.00145729
05764	1.97149e-05
05769	0.000378927
05773	0.00143935
05816	0.000170743
05821	0.00234586
0583A	0.00090397
05855	0.000138434
05859	0.000277318
05866	7.51058e-05
05868	0.000821114
05873	0.00232885
05874	0.000198817
05881	0.00172831
05910	0.00034923
05915	3.34346e-05
05920	1.00241e-05
05928	0.000778388
05957	0.00212116
05960	0.000861223
05969	0.000730845
05978	0.000474598
05984	0.0028819
05988	0.000137533
06039	2.3973e-05
06061	0.00455119
06135	0.000451463
06184	0.000331532
06224	0.00595055
06257	0.000296695
06263	0.000521922
06264	0.00181001
0626A	3.2903e-05
06277	0.00133983
06297	0.00072905
06347	0.00416263
06402	0.000261212
06418	0.00261156
06423	7.59326e-05
06437	0.00262768
06454	0.000761052
06466	0.000821908
06477	0.000662735
06517	0.00127111
06533	0.00103183
06544	0.000386932
06559	0.000169152
06616	0.000855506
06671	0.000428226
06694	0.000494806
0671A	0.0026837
06735	5.96157e-05
06737	0.00231272
0673A	0.000290284
06751	0.0012448
06770	0.00402789
06777	0.00062758
06792	0.000990264
06801	0.00179896
06832	0.0177745
06837	0.000286307
06842	0.000636336
06862	0.0028263
06882	0.000287385
06886	0.000429285
06914	0.000436867
06918	0.0001137
06920	0.000791968
06925	0.0295594
06939	0.00111672
06967	0.00216185
06976	0.000295888
06977	0.000139204
07005	9.5161e-05
07017	0.00263354
07045	0.00550674
07079	0.180886
07081	7.67385e-05
07103	0.00285766
07136	0.000527209
07173	3.3093e-05
07230	0.000145642
07249	0.0005006
07272	0.00359488
07283	0.00544742
07290	5.98383e-05
07311	0.000548318
07321	0.000184578
07393	0.00502002
07416	0.00126258
07429	0.00582574
07433	0.00357148
07440	0.00033219
07441	0.000375621
07461	0.0222898
07486	0.00308696
07490	0.00015575
07506	0.00248837
07508	0.000491131
07558	0.0105724
07585	0.000291503
07602	0.000519809
07609	0.00630805
07619	0.000274603
07636	4.17753e-05
07637	0.0301332
07642	0.0196411
07645	0.000278724
07647	0.00119962
07658	0.00110706
07663	6.24669e-05
07665	0.000101231
07685	0.00391093
07697	0.000726876
07719	0.000511568
07726	0.000652958
07739	0.0123042
07772	0.00100904
07786	0.000642712
07788	0.000606532
07790	0.00047818
07816	0.00174786
07853	0.000956599
07861	0.000326757
07872	0.0019638
07884	0.000248762
07886	0.000310845
07908	0.000654651
07918	0.000226168
07924	0.00107088
07949	0.000801478
08003	0.0011802
08044	0.000106101
08045	0.00179798
08049	6.67003e-05
08051	0.00341762
08092	0.000286301
08093	0.00175779
08130	0.000391679
08132	0.00117299
08134	0.000402185
08145	0.0252524
08155	0.000215221
08173	0.000340723
08178	0.00166611
08210	0.000155857
08212	0.000259099
08258	0.00106911
08263	0.00739751
08276	0.000170998
08300	0.000726851
08314	0.00318363
08349	0.00036779
08353	4.7587e-05
08363	0.000494854
08370	0.000988298
08427	0.000134782
08434	0.0203996
08451	0.000804117
08453	0.000427614
08471	0.000451235
08482	0.00035118
08499	0.000619801
08512	5.03971e-05
0853A	0.000503131
08558	0.000139078
08580	0.0012823
08594	0.00428974
08676	0.0010826
08686	6.30312e-05
08687	0.000213949
08712	0.00145992
08747	0.000597485
08772	0.000127832
08773	0.000231536
08826	0.00195419
08828	0.000237436
08846	0.000168692
08848	0.00164702
08854	0.00199415
08858	0.000108805
08860	8.04134e-06
08879	0.000185725
08888	0.000530121
08890	5.96414e-05
08913	0.00148375
08964	0.0089891
09010	0.000159087
09021	0.000187872
09033	0.00150797
09055	0.000701452
09072	0.000428776
09085	0.000407918
09182	1.55756e-05
0918A	2.76771e-05
09215	0.00179188
09217	0.000270937
09220	8.65704e-05
09225	0.000147768
09226	0.00100061
09232	0.00140006
09237	2.88118e-05
09263	0.000163915
09268	0.00173153
09278	0.00030966
09283	0.000111247
09284	0.000544418
09302	8.94316e-05
09313	0.000546242
09323	0.00304424
09335	0.00233527
09345	9.29802e-05
09357	0.00500804
09417	0.00106568
09444	0.000284304
09479	0.000169375
09486	0.00490902
09503	0.00670036
09514	5.06231e-05
09529	0.00200818
09534	0.0157274
09545	0.00188677
09547	3.89246e-05
09574	0.000856897
09581	0.000347691
09582	4.52367e-05
09595	0.000489099
09597	0.000108439
09658	9.71228e-05
09693	0.00107204
09710	0.00018607
09730	0.000270512
09766	2.32502e-05
09788	0.000652979
09789	8.92147e-05
09803	0.000154565
09829	0.00101346
09837	0.000725585
0987A	6.39094e-05
09881	0.00040731
09883	0.00483025
09896	0.00139571
09906	0.000340286
09918	0.000261729
09951	0.000687444
09982	5.52765e-05
09986	8.98992e-05
