# format = weight
# date = 20201030
01346	0.000304666
01361	0.00222292
01362	0.00314522
0137A	0.000605612
01384	0.00041165
01419	0.000309934
01454	0.000460544
01464	0.000230966
01482	0.00088086
01484	0.000140276
01488	0.000644922
01489	0.000989722
0148A	0.00240832
01492	5.53197e-05
01514	0.000617696
01515	3.29113e-05
01555	0.000199969
01587	0.000690349
01607	0.000158491
01649	0.00045611
01659	0.0021816
01678	0.00104794
01681	0.000555658
01682	0.00256288
01729	0.000101809
01763	0.00024582
01780	2.54297e-05
01783	0.0254437
01821	0.000108473
01846	0.000327055
01875	0.00168927
01926	0.000774066
01961	0.000857667
01993	0.000223242
01999	0.000412501
02007	0.00142581
02022	0.00027014
02025	0.000316043
02029	0.000276864
02047	0.00264392
02048	0.000247437
02051	4.55812e-05
02066	0.00171549
02092	0.000196644
02098	2.97257e-05
02103	0.0017557
02104	0.00267018
02180	0.00029666
02185	0.000898561
0219A	0.000546253
02209	0.000479952
02210	0.000384656
02216	0.000867813
02239	0.0028784
02244	0.000307045
02281	9.28423e-05
02282	0.000435591
02284	0.000364444
02300	0.00174644
02303	0.00195095
02340	6.135e-05
02343	0.000181155
02344	0.00140792
02345	0.00438777
02364	0.000277283
02365	6.05307e-05
02421	0.000233252
02425	0.00249111
02432	0.000106534
02473	0.000403387
02482	8.3859e-05
02494	0.000654087
02505	0.000658197
02511	0.000159841
02527	0.00070421
02544	6.096e-05
02562	4.58659e-05
02563	0.00266021
02565	0.000127725
02571	0.00208973
02572	0.000501781
02585	0.00119953
02630	0.000516785
02638	0.000267868
02649	0.000291329
02654	0.000583129
02684	0.000140525
02725	9.94155e-05
02730	0.000414458
02732	0.00180949
02768	0.000158533
02776	0.000728633
02787	0.000586353
02802	0.000287634
02813	0.0103841
02826	0.000956545
02831	0.000174659
0283A	0.000795581
02852	0.000922397
02859	0.000781587
02876	0.00168205
02891	0.000842123
02938	0.000136892
02944	0.00142832
02962	0.00685254
0296A	0.00410934
02973	1.72883e-05
02988	0.000208859
02989	0.000701595
03007	0.000123577
03015	0.00043847
03073	0.00685897
03160	0.000268691
03195	5.35925e-05
03234	0.000186041
03244	0.00105683
03259	0.00468113
03268	0.00464935
03281	0.000936666
03284	0.000399674
03297	0.000444486
03302	0.0221492
03342	0.00157526
03349	0.000209684
03356	0.000131039
03438	0.00206374
03455	0.00100156
03467	0.000456898
03476	0.00125453
03495	0.000155931
03514	0.00108505
03531	0.000121653
03546	0.000272361
03558	0.000237698
0355A	0.000229919
03569	0.000640739
03585	0.000213082
03617	5.68679e-05
03619	0.000210328
03628	0.000527527
03664	0.000599038
03672	0.000623052
03683	0.00341196
03690	0.00387374
03696	7.70479e-05
03729	0.000382479
03754	0.000656636
03762	0.00693984
03764	0.000760104
03773	0.00028556
03776	0.00401244
03797	0.0015614
03805	0.00278444
03809	0.000225954
03815	0.00231353
03832	0.000137354
03846	0.000900145
03853	0.00195758
03864	0.00201696
03877	0.000336425
03880	4.75301e-05
03920	0.00026656
03944	0.00449414
03961	0.000212548
03967	0.000271951
03981	0.00114261
03982	0.000865393
03983	0.000831193
04006	7.91505e-05
04007	0.000149421
04031	0.00038715
0404A	0.00040551
04055	6.30198e-05
04058	0.0155244
04062	5.21124e-05
04071	0.00123916
04090	0.00297053
04119	0.000266381
04149	0.000127578
04170	0.000201047
04177	0.00828824
0419A	0.000331925
04209	0.000355543
0423A	5.76974e-05
04300	0.000273146
04308	0.000312359
04319	0.000373557
04333	0.000172418
04347	0.000112714
04362	3.74873e-05
04392	0.000800068
04426	0.00030387
04465	0.0024278
04482	1.18545e-05
04524	0.000293405
04529	0.000145071
04549	0.00103482
04578	0.000357916
04662	0.0038293
04666	4.2249e-05
04676	0.000244568
0467A	3.3845e-05
04689	0.000222254
04703	9.57485e-05
04713	0.00131854
0471A	0.000919204
04762	0.000234397
04779	6.64049e-05
04784	0.00158505
04810	0.000624311
04863	0.00722997
04865	0.000775511
04873	2.10364e-05
04894	4.6942e-05
04897	0.0044885
04907	0.004339
04911	0.000462829
04913	0.00167662
04918	0.00206312
04922	0.000848547
04940	0.00140179
04966	0.0171085
04971	0.000453859
04987	0.000117577
04994	0.000422961
05005	0.00129819
05008	0.0117504
05011	0.000782892
05012	0.00503177
05020	2.67482e-05
05027	0.00182454
05045	0.00034272
05049	0.000973023
05078	0.00369783
05092	0.00360772
05102	0.000261998
05108	0.00261837
05131	0.000392513
05168	8.2644e-05
05189	0.000219346
05215	0.000392844
05222	3.91334e-05
05282	0.00210343
05285	0.0012225
05316	0.000199972
05349	0.0017072
05369	2.87322e-05
05373	0.0076201
05388	0.000468279
05407	0.000190362
05416	0.00169511
05417	0.000541916
05420	0.000296688
05423	0.000309782
05429	0.000211485
05458	0.00205245
05463	0.000877213
05481	0.0130083
05484	0.000181992
0554A	0.000805689
05556	8.43111e-05
05579	2.64776e-05
05580	0.00232396
05581	3.26879e-05
05654	0.000851187
05677	0.00296756
05681	0.00167335
05702	7.03785e-05
0572A	0.00149883
05764	2.02768e-05
05769	0.000389727
05773	0.00148038
05816	0.00017561
05821	0.00241272
0583A	0.000929735
05855	0.00014238
05859	0.000285222
05866	7.72464e-05
05868	0.000844517
05873	0.00239523
05881	0.00177757
05886	0.0011161
05910	0.000359184
05920	1.03098e-05
05957	0.00218161
05960	0.000885769
05964	9.24913e-05
05969	0.000751675
05978	0.000488125
05984	0.00296404
06039	2.46563e-05
06061	0.00468091
06135	0.000464331
06154	0.000279956
06172	3.86016e-05
06184	0.000340981
06257	0.000305151
06263	0.000536797
06264	0.0018616
0626A	3.38408e-05
06297	0.000749829
06347	0.00428127
06402	0.000268656
06418	0.00268599
06423	7.80968e-05
06435	0.000235137
06437	0.00270257
06454	0.000782743
06466	0.000845334
06477	0.000681624
06489	0.00124393
06494	0.00414385
06517	0.00130734
06536	8.91928e-05
06538	9.1135e-05
06544	0.00039796
06562	0.000288044
06616	0.000879889
06671	0.000440431
0671A	0.00276019
06737	0.00237864
06751	0.00128028
06770	0.00414269
06777	0.000645467
06792	0.00101849
06801	0.00185024
06832	0.0182811
06837	0.000294467
06842	0.000654472
06862	0.00290685
06882	0.000295576
06886	0.000441521
06908	0.000818094
06920	0.00081454
06925	0.0304019
06939	0.00114855
06977	0.000143172
06981	0.000472882
07005	9.78732e-05
07017	0.0027086
07079	0.186041
07081	7.89256e-05
07084	0.000764367
07103	0.00293911
07123	7.20921e-05
07136	0.000542235
07173	3.40362e-05
07201	6.05712e-05
07230	0.000149793
07249	0.000514868
07272	0.00369734
07283	0.00560268
07290	6.15437e-05
07311	0.000563946
07321	0.000189838
07379	0.000202609
07393	0.0051631
07429	0.00599178
07440	0.000341658
07441	0.000386326
07461	0.0229251
07486	0.00317494
07490	0.000160189
07506	0.0025593
07508	0.000505129
07558	0.0108738
07585	0.000299811
07602	0.000534624
07609	0.00648784
07619	0.000282429
07636	4.2966e-05
07637	0.0309921
07645	0.000286668
07647	0.00123381
07658	0.00113861
07663	6.42473e-05
07665	0.000104116
07694	0.00020545
07697	0.000747593
07719	0.000526148
07726	0.000671568
07739	0.0126549
07772	0.0010378
07786	0.00066103
07788	0.000623819
07790	0.000491809
07816	0.00179768
07845	2.14953e-05
07853	0.000983863
07861	0.00033607
07872	0.00201977
07874	0.00099826
07884	0.000255852
07886	0.000319704
07908	0.000673309
07918	0.000232614
07924	0.0011014
07949	0.000824321
08003	0.00121384
08044	0.000109125
08045	0.00184922
08049	6.86014e-05
08051	0.00351503
08092	0.000294461
08132	0.00120642
08133	0.0014352
08134	0.000413648
08145	0.0259721
08155	0.000221356
08173	0.000350434
08178	0.0017136
08210	0.000160299
08212	0.000266483
08258	0.00109958
08263	0.00760835
08276	0.000175872
08314	0.00327437
08353	4.89433e-05
08363	0.000508958
08370	0.00101647
08376	0.00077166
08427	0.000138623
08434	0.020981
08451	0.000827035
08453	0.000439802
08482	0.00036119
08499	0.000637466
08539	0.000499018
0853A	0.000517471
08558	0.000143042
08580	0.00131885
08594	0.004412
08676	0.00111345
08686	6.48277e-05
08687	0.000220047
08773	0.000238135
08826	0.00200989
08828	0.000244204
08846	0.0001735
08848	0.00169396
08858	0.000111906
08860	8.27053e-06
08879	0.000191018
08892	0.000599445
08913	0.00152604
09010	0.000163621
09055	0.000721444
09072	0.000440996
09085	0.000419544
09182	1.60195e-05
0918A	2.84659e-05
09215	0.00184295
09217	0.000278659
09221	4.20205e-05
09226	0.00102913
09232	0.00143997
09237	2.9633e-05
09265	0.00153437
09268	0.00178088
09278	0.000318486
09283	0.000114418
09284	0.000559935
09302	9.19805e-05
09313	0.000561811
09323	0.003131
09345	9.56302e-05
09350	0.00034299
09357	0.00515078
09360	0.00215172
09370	6.76434e-05
09444	0.000292407
09479	0.000174202
09486	0.00504893
09503	0.00689133
09529	0.00206541
09534	0.0161756
09545	0.00194054
09547	4.0034e-05
09582	4.6526e-05
09595	0.000503039
09599	0.000795272
09629	0.00105417
09658	9.98909e-05
09693	0.00110259
09710	0.000191373
09730	0.000278222
09738	0.0037552
09788	0.00067159
09789	9.17574e-05
09803	0.00015897
09829	0.00104234
09837	0.000746265
09838	0.00012754
0987A	6.57309e-05
09881	0.000418918
09883	0.00496791
09886	0.000159154
09896	0.00143549
09906	0.000349984
09934	0.000291889
09951	0.000707037
09982	5.68519e-05
09986	9.24614e-05
