# format = weight
# date = 20200529
01356	0.000226798
01361	0.00232378
01362	0.00328793
0137A	0.00063309
01384	0.000430328
01419	0.000323996
01464	0.000241446
01482	0.000920827
01484	0.000146641
01488	0.000674184
01489	0.00103463
0148A	0.0025176
01492	5.78297e-05
01515	3.44046e-05
01555	0.000209042
01572	0.00228378
01587	0.000721672
01607	0.000165682
01616	0.000649527
01649	0.000476805
01678	0.00109548
01681	0.00058087
01682	0.00267916
01729	0.000106428
01763	0.000256974
01780	2.65835e-05
01783	0.0265981
01821	0.000113395
01846	0.000341894
01855	3.35628e-05
01875	0.00176591
01876	0.000152237
01926	0.000809187
01953	0.000340446
01961	0.000896581
01995	0.0106166
01999	0.000431217
02007	0.0014905
02022	0.000282396
02025	0.000330383
02029	0.000289426
02048	0.000258664
02051	4.76493e-05
02066	0.00179333
02071	0.00034925
02092	0.000205566
02098	3.10744e-05
02103	0.00183536
02104	0.00279133
02167	1.80527e-05
02180	0.00031012
02185	0.000939331
02209	0.000501728
02210	0.000402109
02216	0.000907188
02244	0.000320977
02281	9.70548e-05
02282	0.000455355
02284	0.00038098
02303	0.00203947
02325	7.05344e-05
02340	6.41336e-05
02344	0.0014718
02345	0.00458685
02359	9.62405e-05
02365	6.32771e-05
02421	0.000243835
02425	0.00260414
02432	0.000111367
02449	0.000207618
02452	0.000203384
02473	0.000421689
02482	8.76639e-05
02494	0.000683765
02505	0.000688061
02511	0.000167094
02544	6.37259e-05
02562	4.79469e-05
02563	0.00278091
02565	0.00013352
02572	0.000524548
02585	0.00125396
02605	0.00571686
02618	7.04147e-05
02630	0.000540233
02638	0.000280022
02649	0.000304547
02654	0.000609587
02681	0.000122084
02684	0.000146901
02694	0.000355802
02725	0.000103926
02732	0.00189159
02768	0.000165726
02787	0.000612958
02802	0.000300685
02813	0.0108552
02826	0.000999946
02831	0.000182584
02852	0.000964249
02876	0.00175837
02938	0.000143103
02944	0.00149313
02973	1.80727e-05
02988	0.000218335
02989	0.000733428
03007	0.000129184
03015	0.000458365
03152	0.00579085
03160	0.000280882
03195	5.60241e-05
03234	0.000194482
03244	0.00110478
03259	0.00489353
03281	0.000979165
03284	0.000417808
03297	0.000464654
03302	0.0231542
03323	4.85147e-05
03342	0.00164673
03356	0.000136985
03357	0.00177833
03438	0.00215738
03455	0.001047
03467	0.000477629
03476	0.00131145
03495	0.000163006
03514	0.00113428
03531	0.000127173
03546	0.000284718
03558	0.000248483
0355A	0.000240351
03569	0.000669811
03585	0.00022275
03617	5.94481e-05
03619	0.000219872
03628	0.000551463
03664	0.000626218
03669	0.00026492
03672	0.000651321
03683	0.00356676
03690	0.00404951
03729	0.000399833
03754	0.000686429
03755	7.0028e-05
03762	0.00725471
03764	0.000794592
03773	0.000298517
03776	0.0041945
03797	0.00163225
03809	0.000236206
03815	0.0024185
03832	0.000143587
03846	0.000940987
03853	0.0020464
03864	0.00210848
03877	0.00035169
03880	4.96867e-05
03920	0.000278654
03944	0.00469805
03961	0.000222192
03962	0.000923043
03967	0.00028429
03981	0.00119445
03988	8.38504e-05
04006	8.27418e-05
04007	0.0001562
04031	0.000404716
0404A	0.000423909
04055	6.58791e-05
04058	0.0162288
04062	5.44769e-05
04090	0.00310531
04119	0.000278467
04177	0.0086643
04194	0.000543075
0419A	0.000346985
04209	0.000371675
0423A	6.03152e-05
04274	0.00398533
04300	0.00028554
04333	0.000180241
04347	0.000117828
04392	0.000836369
04426	0.000317657
04482	1.23924e-05
04529	0.000151654
04662	0.00400304
04666	4.4166e-05
04676	0.000255665
0467A	3.53806e-05
04689	0.000232338
04703	0.000100093
04713	0.00137837
0471A	0.00096091
04762	0.000245032
04779	6.94178e-05
04810	0.000652638
04818	0.000310405
04854	0.0108158
04863	0.00755801
04885	0.000293908
04894	4.90719e-05
04897	0.00469215
04911	0.000483829
04913	0.0017527
04918	0.00215673
04922	0.000887047
04940	0.00146539
04966	0.0178848
04987	0.000122911
04994	0.000442152
04998	0.000377269
05005	0.00135709
05008	0.0122836
05011	0.000818414
05020	2.79618e-05
05027	0.00190732
05045	0.00035827
05049	0.00101717
05092	0.00377141
05102	0.000273885
05108	0.00273717
05115	0.00084709
05131	0.000410322
05145	0.0012132
05168	8.63938e-05
05180	8.00714e-06
05183	0.00181663
05189	0.000229299
05198	0.00764668
05215	0.000410668
05222	4.09089e-05
05244	0.00037807
05282	0.00219886
05284	0.000172012
05285	0.00127797
05349	0.00178466
05373	0.00796585
05388	0.000489526
05407	0.000198999
05416	0.00177202
05417	0.000566504
05423	0.000323838
05429	0.000221081
05458	0.00214558
05463	0.000917014
05476	0.000396143
05481	0.0135985
05484	0.00019025
0554A	0.000842245
05556	8.81365e-05
05569	0.000240939
05579	2.7679e-05
05580	0.0024294
05581	3.4171e-05
05654	0.000889808
05659	0.005137
05677	0.00310221
05681	0.00174927
05702	7.35717e-05
0572A	0.00156683
05744	0.000276444
05764	2.11968e-05
05769	0.00040741
05773	0.00154755
05821	0.00252219
0583A	0.000971919
05859	0.000298163
05866	8.07513e-05
05868	0.000882835
05873	0.0025039
05874	0.000213761
05881	0.00185822
05886	0.00116675
05915	3.59477e-05
05920	1.07775e-05
05928	0.000836897
05957	0.0022806
05960	0.000925959
05964	9.66878e-05
05978	0.000510272
05984	0.00309853
05988	0.000147871
06039	2.5775e-05
06154	0.000292659
06172	4.0353e-05
06184	0.000356452
06224	0.00639784
06257	0.000318997
06263	0.000561153
06264	0.00194607
0626A	3.53762e-05
06277	0.00144055
06297	0.000783851
06347	0.00447552
06402	0.000280846
06418	0.00280786
06423	8.16402e-05
06437	0.00282519
06454	0.000818258
06466	0.000883688
06477	0.000712551
06489	0.00130036
06494	0.00433187
06517	0.00136665
06533	0.00110939
06536	9.32397e-05
06538	9.527e-05
06544	0.000416016
06559	0.000181867
06616	0.000919811
06671	0.000460415
06694	0.000531999
0671A	0.00288543
06735	6.40968e-05
06737	0.00248656
0673A	0.000312104
06751	0.00133837
06770	0.00433066
06777	0.000674753
06808	0.00237695
06832	0.0191105
06837	0.000307828
06842	0.000684167
06862	0.00303874
06882	0.000308987
06886	0.000461553
06908	0.000855213
06914	0.000469705
06918	0.000122246
06920	0.000851498
06925	0.0317813
06939	0.00120066
06967	0.00232434
06976	0.000318129
06977	0.000149668
07005	0.000102314
07079	0.194482
07081	8.25067e-05
07084	0.000799048
07103	0.00307246
07123	7.53631e-05
07136	0.000566838
07173	3.55805e-05
07201	6.33195e-05
07230	0.000156589
07249	0.000538229
07272	0.00386509
07290	6.43361e-05
07311	0.000589533
07321	0.000198452
07379	0.000211802
07416	0.00135748
07429	0.00626364
07433	0.00383994
07440	0.00035716
07441	0.000403855
07461	0.0239652
07486	0.003319
07490	0.000167458
07506	0.00267542
07508	0.000528047
07558	0.0113671
07602	0.000558882
07609	0.00678221
07619	0.000295244
07636	4.49154e-05
07642	0.0211174
07645	0.000299675
07647	0.00128979
07655	0.00790246
07658	0.00119028
07685	0.00420491
07694	0.000214771
07697	0.000781513
07719	0.000550021
07726	0.000702039
07772	0.00108488
07788	0.000652123
07790	0.000514123
07816	0.00187924
07845	2.24706e-05
07853	0.0010285
07861	0.000351318
07872	0.00211141
07874	0.00104355
07884	0.00026746
07908	0.000703859
07918	0.000243168
07924	0.00115137
07949	0.000861723
08003	0.00126891
08044	0.000114077
08045	0.00193312
08049	7.1714e-05
08092	0.000307822
08093	0.00188992
08130	0.00042112
08132	0.00126116
08133	0.00150031
08134	0.000432416
08155	0.000231399
08173	0.000366334
08178	0.00179135
08210	0.000167573
08212	0.000278574
08258	0.00114948
08263	0.00795356
08276	0.000183852
08300	0.000781486
08349	0.000395436
08353	5.1164e-05
08363	0.00053205
08370	0.00106258
08376	0.000806672
08427	0.000144913
08434	0.021933
08451	0.00086456
08453	0.000459757
08499	0.00066639
08539	0.00052166
0853A	0.00054095
08558	0.000149532
08580	0.00137869
08594	0.00461218
08676	0.00116397
08686	6.77691e-05
08687	0.000230031
08712	0.00156966
08747	0.000642396
08772	0.00013744
08773	0.000248939
08780	0.00131412
08826	0.00210108
08828	0.000255284
08846	0.000181372
08854	0.00214404
08858	0.000116983
08879	0.000199685
08888	0.000569969
08890	6.41245e-05
08892	0.000626643
08913	0.00159528
08964	0.00966479
09021	0.000201993
09033	0.00162132
09055	0.000754178
09072	0.000461006
09085	0.00043858
0918A	2.97575e-05
09215	0.00192657
09217	0.000291302
09220	9.30776e-05
09225	0.000158875
09232	0.0015053
09237	3.09775e-05
09265	0.00160399
09268	0.00186169
09278	0.000332936
09283	0.000119609
09284	0.00058534
09313	0.000587301
09323	0.00327306
09335	0.00251081
09345	9.99692e-05
09350	0.000358552
09357	0.00538448
09360	0.00224935
09370	7.07126e-05
09417	0.00114579
09444	0.000305674
09479	0.000182106
09486	0.00527802
09514	5.44283e-05
09534	0.0169096
09545	0.00202859
09574	0.000921307
09581	0.000373825
09582	4.8637e-05
09595	0.000525863
09599	0.000831355
09629	0.001102
09658	0.000104423
09693	0.00115262
09710	0.000200056
09738	0.00392558
09766	2.49979e-05
09788	0.000702061
09789	9.59207e-05
09837	0.000780125
09838	0.000133327
0987A	6.87132e-05
09883	0.00519332
09886	0.000166375
09896	0.00150062
09906	0.000365864
09932	0.000626079
09934	0.000305133
09951	0.000739117
09982	5.94314e-05
09986	9.66567e-05
