# format = weight
# date = 20200630
01346	0.000309536
01356	0.000220423
01361	0.00225845
01362	0.0031955
01419	0.000314888
01454	0.000467906
01464	0.000234658
01482	0.00089494
01484	0.000142519
01488	0.000655231
01489	0.00100554
0148A	0.00244682
01492	5.6204e-05
01514	0.00062757
01515	3.34374e-05
01555	0.000203165
01572	0.00221958
01587	0.000701384
01607	0.000161024
01616	0.000631268
01649	0.000463401
01659	0.00221647
01681	0.000564541
01682	0.00260385
01729	0.000103436
01763	0.00024975
01780	2.58362e-05
01821	0.000110207
01855	3.26193e-05
01875	0.00171627
01926	0.000786439
01953	0.000330875
01961	0.000871376
01993	0.000226811
01995	0.0103182
01999	0.000419094
02007	0.0014486
02029	0.00028129
02047	0.00268619
02048	0.000251393
02051	4.63098e-05
02066	0.00174291
02071	0.000339432
02092	0.000199787
02098	3.02009e-05
02103	0.00178376
02167	1.75452e-05
02180	0.000301402
02185	0.000912925
0219A	0.000554985
02210	0.000390805
02216	0.000881685
02239	0.00292441
02244	0.000311953
02281	9.43264e-05
02282	0.000442554
02284	0.00037027
02300	0.00177436
02303	0.00198213
02325	6.85515e-05
02340	6.23307e-05
02343	0.000184051
02344	0.00143042
02345	0.00445791
02359	9.3535e-05
02364	0.000281716
02365	6.14983e-05
02421	0.000236981
02425	0.00253093
02449	0.000201782
02452	0.000197666
02482	8.51995e-05
02494	0.000664543
02505	0.000668718
02511	0.000162396
02527	0.000715467
02544	6.19345e-05
02562	4.6599e-05
02571	0.00212313
02585	0.00121871
02630	0.000525046
02638	0.00027215
02649	0.000295986
02681	0.000118652
02684	0.000142771
02694	0.0003458
02725	0.000101005
02730	0.000421083
02768	0.000161067
02776	0.000740281
02787	0.000595726
02802	0.000292232
02813	0.0105501
02826	0.000971836
02831	0.000177451
0283A	0.000808298
02852	0.000937142
02859	0.000794081
02891	0.000855584
02938	0.00013908
02944	0.00145115
02962	0.00696208
0296A	0.00417503
02973	1.75647e-05
03007	0.000125552
03015	0.000445479
03073	0.00696861
03152	0.00562806
03160	0.000272986
03195	5.44492e-05
03234	0.000189015
03244	0.00107372
03259	0.00475596
03268	0.00472367
03284	0.000406063
03297	0.000451592
03302	0.0225032
03342	0.00160044
03349	0.000213036
03356	0.000133134
03357	0.00172834
03455	0.00101757
03467	0.000464202
03476	0.00127458
03514	0.0011024
03531	0.000123598
0355A	0.000233594
03569	0.000650981
03581	0.000804333
03585	0.000216488
03617	5.77769e-05
03619	0.000213691
03628	0.00053596
03664	0.000608614
03669	0.000257473
03672	0.000633011
03683	0.0034665
03690	0.00393567
03696	7.82795e-05
03729	0.000388593
03755	6.80594e-05
03762	0.00705077
03764	0.000772254
03773	0.000290125
03776	0.00407658
03797	0.00158636
03805	0.00282895
03809	0.000229566
03815	0.00235051
03832	0.00013955
03853	0.00198887
03864	0.0020492
03880	4.82899e-05
03920	0.000270821
03944	0.00456598
03961	0.000215946
03962	0.000897095
03967	0.000276298
03981	0.00116087
03982	0.000879227
03983	0.00084448
03988	8.14932e-05
04006	8.04157e-05
04007	0.000151809
04031	0.000393339
0404A	0.000411992
04055	6.40272e-05
04058	0.0157726
04071	0.00125897
04119	0.000270639
04194	0.000527808
0419A	0.000337231
04209	0.000361226
0423A	5.86197e-05
04274	0.00387329
04300	0.000277513
04308	0.000317352
04319	0.000379528
04333	0.000175174
04347	0.000114516
04362	3.80865e-05
04426	0.000308727
04435	0.000130344
04474	0.00254283
04482	1.2044e-05
04524	0.000298095
04578	0.000363637
04662	0.00389051
04666	4.29244e-05
04676	0.000248478
0467A	3.4386e-05
04703	9.7279e-05
04713	0.00133962
0471A	0.000933897
04762	0.000238144
04779	6.74664e-05
04784	0.00161038
04818	0.000301679
04854	0.0105118
04863	0.00734554
04865	0.000787907
04885	0.000285645
04894	4.76924e-05
04897	0.00456025
04907	0.00440836
04911	0.000470228
04913	0.00170342
04918	0.0020961
04922	0.000862111
04940	0.0014242
04966	0.017382
04987	0.000119456
04994	0.000429722
04998	0.000366663
05005	0.00131894
05008	0.0119383
05011	0.000795407
05012	0.0051122
05020	2.71757e-05
05027	0.0018537
05078	0.00375694
05092	0.00366539
05102	0.000266186
05108	0.00266023
05115	0.000823277
05131	0.000398788
05145	0.00117909
05168	8.39651e-05
05180	7.78204e-06
05183	0.00176556
05189	0.000222853
05215	0.000399124
05222	3.97589e-05
05244	0.000367442
05282	0.00213705
05284	0.000167176
05285	0.00124204
05316	0.000203169
05369	2.91915e-05
05373	0.00774191
05407	0.000193405
05416	0.00172221
05417	0.000550579
05420	0.000301431
05429	0.000214866
05435	0.00141177
05458	0.00208526
05463	0.000891235
05476	0.000385006
05481	0.0132162
05484	0.000184901
0554A	0.000818568
05556	8.56588e-05
05579	2.69009e-05
05580	0.0023611
05581	3.32104e-05
05654	0.000864794
05659	0.00499259
05677	0.003015
05702	7.15035e-05
0572A	0.00152279
05744	0.000268673
05764	2.06009e-05
05769	0.000395957
05773	0.00150404
05816	0.000178417
05821	0.00245129
0583A	0.000944596
05855	0.000144656
05859	0.000289781
05868	0.000858017
05873	0.00243351
05881	0.00180598
05886	0.00113395
05910	0.000364926
05915	3.49372e-05
05920	1.04746e-05
05928	0.00081337
05957	0.00221649
05964	9.39698e-05
05978	0.000495927
05984	0.00301142
05988	0.000143714
06039	2.50504e-05
06061	0.00475573
06106	0.00168183
06135	0.000471753
06154	0.000284432
06172	3.92186e-05
06184	0.000346432
06224	0.00621798
06257	0.000310029
06263	0.000545378
0626A	3.43817e-05
06277	0.00140005
06297	0.000761815
06402	0.000272951
06423	7.93452e-05
06435	0.000238896
06454	0.000795255
06466	0.000858846
06477	0.00069252
06489	0.00126381
06494	0.00421009
06517	0.00132824
06533	0.00107821
06536	9.06186e-05
06544	0.000404321
06559	0.000176754
06562	0.000292649
06616	0.000893954
06671	0.000447472
06694	0.000517043
06735	6.22949e-05
06737	0.00241666
06751	0.00130074
06770	0.00420891
06777	0.000655785
06792	0.00103477
06801	0.00187981
06808	0.00231013
06832	0.0185733
06842	0.000664934
06862	0.00295332
06882	0.000300301
06886	0.000448578
06918	0.00011881
06920	0.000827561
06925	0.0308879
06939	0.00116691
06967	0.002259
06976	0.000309186
06977	0.00014546
06981	0.000480441
07005	9.94377e-05
07017	0.0027519
07079	0.189015
07084	0.000776585
07103	0.00298609
07123	7.32445e-05
07136	0.000550903
07230	0.000152187
07249	0.000523098
07272	0.00375644
07283	0.00569224
07290	6.25275e-05
07311	0.00057296
07321	0.000192873
07379	0.000205848
07393	0.00524563
07416	0.00131932
07429	0.00608756
07433	0.00373199
07440	0.000347119
07441	0.000392502
07461	0.0232915
07486	0.0032257
07490	0.00016275
07506	0.00260021
07585	0.000304604
07602	0.00054317
07609	0.00659155
07636	4.36528e-05
07637	0.0314875
07642	0.0205238
07645	0.00029125
07647	0.00125354
07658	0.00115682
07665	0.00010578
07685	0.0040867
07694	0.000208734
07697	0.000759543
07719	0.000534559
07726	0.000682303
07739	0.0128572
07772	0.00105438
07786	0.000671597
07788	0.000633791
07790	0.00049967
07845	2.18389e-05
07853	0.00099959
07861	0.000341442
07872	0.00205205
07874	0.00101422
07886	0.000324815
07918	0.000236332
07949	0.000837498
08003	0.00123324
08044	0.00011087
08045	0.00187878
08049	6.9698e-05
08093	0.00183679
08130	0.000409282
08132	0.0012257
08133	0.00145814
08145	0.0263872
08155	0.000224894
08173	0.000356036
08178	0.00174099
08210	0.000162862
08212	0.000270743
08258	0.00111716
08263	0.00772997
08276	0.000178683
08300	0.000759517
08314	0.00332671
08349	0.000384319
08353	4.97257e-05
08363	0.000517093
08370	0.00103271
08376	0.000783995
08427	0.000140839
08451	0.000840256
08453	0.000446832
08499	0.000647656
08512	5.26621e-05
08539	0.000506995
0853A	0.000525743
08558	0.000145329
08580	0.00133993
08594	0.00448253
08687	0.000223564
08712	0.00152554
08747	0.000624337
08772	0.000133577
08773	0.000241941
08780	0.00127718
08826	0.00204202
08828	0.000248107
08846	0.000176273
08848	0.00172104
08858	0.000113694
08860	8.40274e-06
08879	0.000194072
08890	6.23218e-05
08892	0.000609027
08913	0.00155044
08964	0.00939309
09010	0.000166237
09021	0.000196315
09055	0.000732977
09072	0.000448046
09085	0.000426251
09182	1.62756e-05
0918A	2.89209e-05
09215	0.00187241
09217	0.000283113
09220	9.0461e-05
09221	4.26922e-05
09225	0.000154408
09226	0.00104558
09237	3.01067e-05
09263	0.000171282
09265	0.0015589
09278	0.000323577
09283	0.000116247
09284	0.000568885
09302	9.34508e-05
09323	0.00318105
09345	9.71589e-05
09350	0.000348472
09357	0.00523311
09360	0.00218612
09370	6.87247e-05
09417	0.00111358
09444	0.000297081
09479	0.000176987
09486	0.00512964
09503	0.00700149
09514	5.28982e-05
09529	0.00209843
09534	0.0164342
09547	4.06739e-05
09574	0.000895408
09581	0.000363316
09582	4.72697e-05
09597	0.000113313
09599	0.000807984
09629	0.00107102
09658	0.000101488
09693	0.00112022
09730	0.00028267
09738	0.00381523
09766	2.42951e-05
09788	0.000682325
09789	9.32242e-05
09803	0.000161511
09829	0.001059
09837	0.000758194
09838	0.000129579
0987A	6.67816e-05
09883	0.00504733
09886	0.000161698
09896	0.00145844
09918	0.000273492
09932	0.000608479
09934	0.000296555
09951	0.000718339
09982	5.77607e-05
09986	9.39395e-05
