# format = weight
# date = 20200228
01346	0.000292491
01362	0.00301953
0137A	0.000581411
01419	0.000297548
01454	0.000442139
01464	0.000221736
01482	0.000845659
01484	0.00013467
01488	0.00061915
01489	0.000950171
0148A	0.00231208
01492	5.3109e-05
01514	0.000593011
01515	3.15961e-05
01555	0.000191977
01572	0.00209735
01587	0.000662761
01607	0.000152157
01616	0.000596506
01649	0.000437883
01659	0.00209442
01678	0.00100606
01681	0.000533453
01682	0.00246046
01729	9.77401e-05
01763	0.000235997
01780	2.44135e-05
01783	0.0244269
01821	0.000104138
01846	0.000313985
01855	3.08231e-05
01875	0.00162176
01876	0.00013981
01926	0.000743132
01953	0.000312655
01961	0.000823392
01993	0.000214321
01995	0.00974997
01999	0.000396016
02007	0.00136883
02022	0.000259344
02025	0.000303413
02029	0.0002658
02047	0.00253827
02048	0.000237549
02066	0.00164694
02071	0.00032074
02098	2.85378e-05
02103	0.00168554
02104	0.00256348
02167	1.6579e-05
02180	0.000284804
02185	0.000862653
0219A	0.000524424
02210	0.000369285
02216	0.000833133
02239	0.00276337
02281	8.91321e-05
02282	0.000418184
02284	0.00034988
02300	0.00167665
02303	0.00187298
02340	5.88983e-05
02343	0.000173916
02345	0.00421243
02359	8.83843e-05
02364	0.000266203
02365	5.81118e-05
02421	0.000223931
02425	0.00239156
02432	0.000102276
02449	0.00019067
02452	0.000186782
02473	0.000387266
02482	8.05078e-05
02494	0.000627949
02511	0.000153454
02527	0.000676068
02544	5.85239e-05
02562	4.4033e-05
02563	0.0025539
02565	0.000122621
02571	0.00200622
02572	0.000481729
02585	0.0011516
02605	0.00525019
02630	0.000496133
02638	0.000257163
02649	0.000279687
02681	0.000112118
02684	0.000134909
02730	0.000397895
02732	0.00173718
02768	0.000152198
02776	0.000699516
02787	0.000562921
02802	0.00027614
02813	0.00996909
02826	0.000918319
02831	0.000167679
0283A	0.000763787
02852	0.000885536
02876	0.00161483
02891	0.00080847
02938	0.000131421
02944	0.00137124
0296A	0.00394512
02973	1.65974e-05
02988	0.000200512
02989	0.000673558
03015	0.000420948
03073	0.00658487
03152	0.00531814
03160	0.000257953
03195	5.14508e-05
03234	0.000178606
03244	0.00101459
03259	0.00449406
03281	0.000899235
03284	0.000383702
03302	0.0212641
03323	4.45544e-05
03342	0.00151231
03349	0.000201304
03356	0.000125803
03357	0.00163317
03438	0.00198127
03455	0.000961533
03467	0.00043864
03476	0.0012044
03495	0.000149699
03514	0.00104169
03531	0.000116791
03546	0.000261477
0355A	0.000220731
03569	0.000615133
03581	0.000760041
03585	0.000204567
03617	5.45953e-05
03619	0.000201923
03628	0.000506446
03664	0.000575099
03669	0.000243295
03672	0.000598153
03683	0.00327561
03690	0.00371894
03696	7.39689e-05
03729	0.000367194
03755	6.43116e-05
03762	0.00666251
03764	0.000729728
03773	0.000274149
03776	0.0038521
03797	0.00149901
03805	0.00267317
03809	0.000216924
03832	0.000131865
03846	0.000864173
03853	0.00187935
03864	0.00193636
03877	0.000322981
03880	4.56307e-05
03920	0.000255907
03944	0.00431454
03962	0.000847695
03967	0.000261083
03981	0.00109695
03982	0.00083081
03983	0.000797977
03988	7.70056e-05
04006	7.59875e-05
04007	0.00014345
04031	0.000371679
0404A	0.000389305
04055	6.05014e-05
04058	0.014904
04062	5.00299e-05
04071	0.00118964
04090	0.00285182
04119	0.000255735
04149	0.000122479
04177	0.00795702
04194	0.000498744
0419A	0.00031866
04209	0.000341335
0423A	5.53916e-05
04274	0.00366
04300	0.000262231
04308	0.000299877
04319	0.000358629
04333	0.000165527
04347	0.00010821
04362	3.59892e-05
04392	0.000768095
04426	0.000291727
04435	0.000123166
04465	0.00233078
04474	0.0024028
04482	1.13808e-05
04524	0.00028168
04529	0.000139274
04662	0.00367627
04666	4.05607e-05
04676	0.000234795
0467A	3.24925e-05
04713	0.00126585
0471A	0.000882471
04779	6.37512e-05
04784	0.0015217
04810	0.000599363
04818	0.000285066
04854	0.0099329
04863	0.00694105
04865	0.000744519
04873	2.01958e-05
04897	0.00430913
04907	0.0041656
04911	0.000444334
04913	0.00160962
04918	0.00198068
04922	0.000814637
04940	0.00134577
04966	0.0164248
04971	0.000435722
04987	0.000112878
04994	0.000406059
04998	0.000346472
05005	0.00124631
05011	0.000751606
05012	0.00483069
05020	2.56792e-05
05027	0.00175163
05045	0.000329024
05078	0.00355006
05092	0.00346355
05102	0.000251528
05108	0.00251373
05115	0.000777941
05131	0.000376827
05145	0.00111416
05168	7.93414e-05
05180	7.35351e-06
05183	0.00166834
05189	0.000210581
05198	0.00702248
05215	0.000377145
05222	3.75695e-05
05244	0.000347208
05282	0.00201937
05284	0.00015797
05316	0.000191981
05349	0.00163898
05369	2.7584e-05
05373	0.00731559
05388	0.000449566
05407	0.000182755
05416	0.00162737
05417	0.00052026
05420	0.000284832
05423	0.000297403
05429	0.000203034
05435	0.00133403
05463	0.000842158
05476	0.000363805
05481	0.0124884
05484	0.000174719
0554A	0.000773492
05556	8.09418e-05
05569	0.000221271
05579	2.54195e-05
05580	0.00223108
05581	3.13816e-05
05659	0.00471767
05681	0.00160648
05702	6.7566e-05
0572A	0.00143893
05744	0.000253878
05764	1.94665e-05
05773	0.00142122
05816	0.000168592
05821	0.0023163
05855	0.00013669
05859	0.000273824
05866	7.41595e-05
05873	0.00229951
05874	0.000196312
05886	0.0010715
05910	0.00034483
05915	3.30133e-05
05920	9.89776e-06
05928	0.00076858
05960	0.000850372
05964	8.87951e-05
05969	0.000721637
05978	0.000468618
05984	0.00284559
05988	0.0001358
06039	2.3671e-05
06061	0.00449385
06106	0.00158922
06135	0.000445775
06154	0.000268769
06172	3.7059e-05
06184	0.000327355
06224	0.00587558
06257	0.000292957
06263	0.000515345
06264	0.00178721
0626A	3.24884e-05
06277	0.00132295
06297	0.000719864
06347	0.00411018
06418	0.00257866
06423	7.49759e-05
06435	0.00022574
06437	0.00259457
06454	0.000751463
06466	0.000811552
06477	0.000654385
06494	0.00397825
06517	0.00125509
06533	0.00101883
06536	8.56285e-05
06538	8.7493e-05
06544	0.000382056
06559	0.000167021
06616	0.000844727
06671	0.000422831
06694	0.000488571
0671A	0.00264989
06735	5.88645e-05
06737	0.00228358
0673A	0.000286627
06751	0.00122912
06770	0.00397714
06792	0.000977786
06801	0.0017763
06808	0.00218292
06832	0.0175505
06837	0.000282699
06842	0.000628318
06882	0.000283764
06886	0.000423876
06908	0.000785402
06918	0.000112267
06925	0.029187
06939	0.00110265
06977	0.00013745
06981	0.000453985
07005	9.3962e-05
07017	0.00260036
07045	0.00543735
07079	0.178606
07084	0.000733821
07103	0.00282165
07123	6.92111e-05
07136	0.000520566
07173	3.2676e-05
07201	5.81506e-05
07230	0.000143807
07249	0.000494293
07272	0.00354958
07283	0.00537879
07290	5.90843e-05
07311	0.000541409
07321	0.000182252
07379	0.000194513
07393	0.00495677
07416	0.00124667
07429	0.00575233
07433	0.00352648
07440	0.000328005
07441	0.000370888
07486	0.00304807
07506	0.00245702
07508	0.000484943
07558	0.0104392
07585	0.00028783
07602	0.00051326
07609	0.00622857
07619	0.000271143
07636	4.12489e-05
07637	0.0297535
07642	0.0193936
07645	0.000275212
07647	0.00118451
07658	0.00109311
07663	6.16798e-05
07665	9.99551e-05
07685	0.00386166
07697	0.000717717
07719	0.000505122
07726	0.000644731
07739	0.0121492
07772	0.000996323
07786	0.000634614
07788	0.00059889
07790	0.000472155
07816	0.00172584
07845	2.06363e-05
07853	0.000944546
07861	0.00032264
07872	0.00193905
07874	0.000958367
07884	0.000245627
07886	0.000306928
07918	0.000223318
07924	0.00105739
07949	0.00079138
08003	0.00116533
08045	0.00177532
08051	0.00337456
08093	0.00173564
08130	0.000386744
08132	0.00115821
08133	0.00137784
08145	0.0249342
08155	0.00021251
08173	0.00033643
08178	0.00164512
08210	0.000153894
08263	0.0073043
08276	0.000168844
08300	0.000717692
08314	0.00314352
08349	0.000363156
08353	4.69874e-05
08376	0.000740822
08427	0.000133084
08434	0.0201426
08451	0.000793985
08453	0.000422226
08471	0.00044555
08512	4.97621e-05
08539	0.000479076
0853A	0.000496792
08558	0.000137326
08580	0.00126614
08676	0.00106896
08687	0.000211253
08712	0.00144153
08747	0.000589957
08772	0.000126221
08773	0.000228618
08780	0.00120685
08826	0.00192957
08828	0.000234445
08846	0.000166566
08848	0.00162626
08858	0.000107434
08860	7.94002e-06
08879	0.000183385
08888	0.000523442
08890	5.88899e-05
08913	0.00146506
08964	0.00887584
09010	0.000157082
09021	0.000185505
09033	0.00148897
09055	0.000692614
09085	0.000402778
09182	1.53794e-05
0918A	2.73283e-05
09215	0.0017693
09217	0.000267523
09220	8.54796e-05
09221	4.03413e-05
09226	0.000988001
09237	2.84488e-05
09263	0.00016185
09265	0.00147305
09268	0.00170972
09278	0.000305758
09302	8.83048e-05
09313	0.000539359
09323	0.00300588
09345	9.18086e-05
09350	0.000329283
09357	0.00494494
09360	0.00206573
09370	6.49402e-05
09417	0.00105226
09444	0.000280721
09486	0.00484717
09503	0.00661594
09514	4.99853e-05
09529	0.00198288
09534	0.0155292
09545	0.00186299
09595	0.000482936
09599	0.000763491
09629	0.00101204
09658	9.5899e-05
09693	0.00105853
09730	0.000267104
09738	0.00360513
09766	2.29573e-05
09788	0.000644751
09803	0.000152617
09829	0.00100069
09837	0.000716442
09838	0.000122443
0987A	6.31041e-05
09883	0.00476939
09896	0.00137813
09906	0.000335998
09918	0.000258432
09932	0.000574972
09934	0.000280225
09982	5.458e-05
09986	8.87665e-05
