# format = weight
# date = 20200831
01346	0.00030223
01356	0.00021522
01361	0.00220514
0137A	0.000600769
01384	0.000408358
01419	0.000307455
01454	0.000456861
01464	0.000229119
01484	0.000139154
01488	0.000639764
0148A	0.00238906
01492	5.48773e-05
01514	0.000612756
01515	3.26481e-05
01607	0.000157223
01616	0.000616367
01659	0.00216415
01678	0.00103956
01681	0.000551215
01682	0.00254238
01729	0.000100994
01763	0.000243854
01780	2.52264e-05
01821	0.000107606
01846	0.000324439
01855	3.18494e-05
01875	0.00167576
01876	0.000144465
01926	0.000767875
01993	0.000221457
01995	0.0100746
01999	0.000409202
02007	0.0014144
02022	0.000267979
02025	0.000313516
02029	0.00027465
02047	0.00262278
02048	0.000245458
02051	4.52167e-05
02066	0.00170177
02071	0.000331419
02092	0.000195071
02098	2.9488e-05
02103	0.00174166
02104	0.00264883
02167	1.7131e-05
02180	0.000294287
02185	0.000891375
0219A	0.000541885
02209	0.000476114
02210	0.00038158
02216	0.000860873
02239	0.00285538
02244	0.00030459
02282	0.000432108
02284	0.000361529
02300	0.00173247
02325	6.69334e-05
02343	0.000179706
02344	0.00139666
02345	0.00435268
02359	9.13271e-05
02364	0.000275066
02365	6.00466e-05
02421	0.000231387
02425	0.00247119
02432	0.000105682
02449	0.000197019
02452	0.000193001
02473	0.000400161
02482	8.31884e-05
02494	0.000648856
02505	0.000652933
02511	0.000158563
02527	0.000698578
02544	6.04725e-05
02562	4.54991e-05
02563	0.00263894
02565	0.000126703
02571	0.00207301
02572	0.000497769
02605	0.005425
02618	6.68198e-05
02630	0.000512652
02638	0.000265726
02649	0.000288999
02654	0.000578466
02684	0.000139401
02725	9.86204e-05
02732	0.00179502
02768	0.000157265
02776	0.000722806
02787	0.000581664
02813	0.010301
02826	0.000948895
02831	0.000173262
0283A	0.000789218
02859	0.000775337
02876	0.0016686
02891	0.000835388
02944	0.0014169
0296A	0.00407648
02973	1.71501e-05
02988	0.000207188
02989	0.000695984
03007	0.000122588
03015	0.000434964
03073	0.00680411
03152	0.0054952
03160	0.000266542
03195	5.31639e-05
03234	0.000184553
03244	0.00104837
03259	0.0046437
03268	0.00461217
03284	0.000396478
03297	0.000440932
03302	0.0219721
03323	4.60379e-05
03342	0.00156266
03349	0.000208007
03356	0.000129991
03357	0.00168754
03438	0.00204724
03455	0.000993547
03467	0.000453244
03476	0.0012445
03514	0.00107637
03531	0.00012068
03546	0.000270183
03558	0.000235797
0355A	0.00022808
03569	0.000635615
03581	0.000785347
03585	0.000211378
03617	5.64131e-05
03619	0.000208646
03628	0.000523309
03669	0.000251395
03672	0.000618069
03690	0.00384277
03696	7.64317e-05
03729	0.00037942
03754	0.000651385
03755	6.64529e-05
03762	0.00688434
03764	0.000754025
03773	0.000283277
03776	0.00398036
03797	0.00154892
03805	0.00276218
03809	0.000224147
03815	0.00229503
03832	0.000136256
03853	0.00194192
03864	0.00200083
03877	0.000333735
03880	4.715e-05
03920	0.000264428
03944	0.0044582
03961	0.000210848
03962	0.000875919
03967	0.000269776
03981	0.00113347
03982	0.000858473
03983	0.000824546
04007	0.000148226
04031	0.000384054
0404A	0.000402267
04055	6.25158e-05
04058	0.0154003
04062	5.16956e-05
04071	0.00122925
04170	0.000199439
04177	0.00822196
04194	0.000515349
04209	0.000352699
0423A	5.72359e-05
04274	0.00378186
04300	0.000270962
04308	0.000309861
04319	0.00037057
04333	0.000171039
04347	0.000111813
04362	3.71875e-05
04392	0.000793669
04426	0.00030144
04435	0.000127267
04465	0.00240838
04474	0.0024828
04482	1.17597e-05
04529	0.000143911
04549	0.00102655
04662	0.00379868
04666	4.19111e-05
04676	0.000242612
0467A	3.35743e-05
04689	0.000220476
04703	9.49828e-05
04713	0.001308
04762	0.000232522
04779	6.58738e-05
04784	0.00157237
04810	0.000619319
04818	0.000294558
04865	0.000769309
04873	2.08682e-05
04894	4.65666e-05
04897	0.0044526
04907	0.0043043
04911	0.000459128
04913	0.00166322
04918	0.00204662
04966	0.0169717
04971	0.000450229
04987	0.000116636
04994	0.000419578
04998	0.000358008
05005	0.0012878
05008	0.0116565
05011	0.000776631
05012	0.00499153
05020	2.65342e-05
05027	0.00180995
05045	0.000339979
05049	0.000965242
05092	0.00357887
05102	0.000259902
05108	0.00259743
05115	0.000803843
05131	0.000389374
05145	0.00115126
05168	8.19831e-05
05180	7.59834e-06
05183	0.00172388
05189	0.000217592
05198	0.00725629
05215	0.000389702
05222	3.88204e-05
05244	0.000358768
05282	0.0020866
05284	0.00016323
05285	0.00121272
05316	0.000198373
05349	0.00169355
05373	0.00755916
05388	0.000464534
05407	0.00018884
05416	0.00168155
05417	0.000537582
05420	0.000294315
05423	0.000307305
05429	0.000209794
05435	0.00137844
05458	0.00203604
05476	0.000375918
05481	0.0129043
05484	0.000180537
05556	8.36368e-05
05569	0.000228638
05579	2.62659e-05
05580	0.00230537
05581	3.24264e-05
05624	3.7223e-05
05654	0.00084438
05659	0.00487474
05677	0.00294383
05681	0.00165997
05702	6.98156e-05
0572A	0.00148684
05764	2.01146e-05
05773	0.00146854
05816	0.000174205
05821	0.00239343
0583A	0.000922299
05855	0.000141241
05859	0.000282941
05866	7.66287e-05
05868	0.000837763
05873	0.00237607
05874	0.000202848
05881	0.00176335
05886	0.00110718
05910	0.000356311
05915	3.41125e-05
05928	0.000794171
05957	0.00216417
05960	0.000878685
05964	9.17516e-05
05969	0.000745664
05978	0.000484221
05984	0.00294034
05988	0.000140321
06039	2.44591e-05
06061	0.00464347
06154	0.000277718
06172	3.82929e-05
06184	0.000338254
06224	0.00607121
06257	0.000302711
06263	0.000532504
06264	0.00184671
0626A	3.35702e-05
06297	0.000743833
06347	0.00424703
06402	0.000266508
06418	0.00266451
06423	7.74722e-05
06435	0.000233256
06437	0.00268095
06454	0.000776483
06466	0.000838573
06477	0.000676173
06489	0.00123398
06494	0.00411071
06517	0.00129688
06538	9.04061e-05
06544	0.000394777
06559	0.000172582
06562	0.000285741
06616	0.000872852
06671	0.000436909
06694	0.000504838
0671A	0.00273812
06735	6.08245e-05
06737	0.00235961
06751	0.00127004
06770	0.00410956
06777	0.000640305
06792	0.00101034
06801	0.00183544
06808	0.0022556
06832	0.0181349
06837	0.000292112
06842	0.000649238
06862	0.0028836
06882	0.000293212
06886	0.00043799
06908	0.000811552
06914	0.000445725
06918	0.000116005
06920	0.000808026
06925	0.0301588
06967	0.00220568
06976	0.000301888
06977	0.000142027
06981	0.0004691
07005	9.70905e-05
07017	0.00268694
07079	0.184553
07081	7.82944e-05
07084	0.000758254
07103	0.0029156
07123	7.15155e-05
07136	0.000537899
07173	3.3764e-05
07201	6.00868e-05
07230	0.000148595
07249	0.000510751
07283	0.00555787
07321	0.00018832
07379	0.000200989
07393	0.00512181
07416	0.00128818
07429	0.00594386
07440	0.000338926
07441	0.000383237
07461	0.0227417
07486	0.00314955
07490	0.000158908
07506	0.00253883
07558	0.0107868
07585	0.000297413
07602	0.000530349
07609	0.00643596
07619	0.000280171
07636	4.26223e-05
07637	0.0307442
07642	0.0200393
07645	0.000284375
07647	0.00122395
07655	0.00749902
07658	0.00112951
07663	6.37334e-05
07665	0.000103283
07685	0.00399023
07697	0.000741614
07719	0.000521941
07726	0.000666197
07739	0.0125537
07772	0.0010295
07786	0.000655744
07788	0.00061883
07790	0.000487875
07816	0.0017833
07845	2.13234e-05
07861	0.000333382
07872	0.00200361
07874	0.000990277
07886	0.000317148
07908	0.000667925
07918	0.000230753
07924	0.00109259
07949	0.000817729
08003	0.00120413
08045	0.00183443
08051	0.00348692
08092	0.000292106
08093	0.00179343
08132	0.00119677
08133	0.00142372
08155	0.000219585
08173	0.000347632
08178	0.00169989
08210	0.000159017
08212	0.000264352
08258	0.00109079
08263	0.0075475
08276	0.000174466
08300	0.000741588
08314	0.00324819
08349	0.000375247
08353	4.85519e-05
08363	0.000504887
08370	0.00100834
08376	0.000765488
08427	0.000137515
08434	0.0208132
08451	0.000820421
08471	0.000460385
08482	0.000358301
08499	0.000632368
08512	5.1419e-05
08539	0.000495028
0853A	0.000513333
08580	0.0013083
08594	0.00437672
08686	6.43092e-05
08687	0.000218287
08712	0.00148953
08747	0.000609599
08772	0.000130423
08773	0.00023623
08780	0.00124703
08826	0.00199381
08828	0.000242251
08846	0.000172112
08848	0.00168041
08854	0.00203458
08860	8.20439e-06
08879	0.000189491
08888	0.00054087
08890	6.08507e-05
08892	0.000594651
08964	0.00917137
09021	0.000191681
09033	0.00153855
09072	0.00043747
09085	0.000416189
09182	1.58914e-05
0918A	2.82383e-05
09215	0.00182821
09217	0.00027643
09220	8.83257e-05
09221	4.16845e-05
09225	0.000150764
09232	0.00142845
09237	2.9396e-05
09263	0.000167239
09265	0.0015221
09278	0.000315939
09283	0.000113502
09284	0.000555457
09302	9.12449e-05
09313	0.000557318
09323	0.00310596
09335	0.00238262
09345	9.48654e-05
09350	0.000340247
09357	0.00510959
09360	0.00213451
09370	6.71024e-05
09417	0.00108729
09444	0.000290068
09479	0.000172809
09486	0.00500856
09503	0.00683622
09514	5.16496e-05
09529	0.0020489
09534	0.0160463
09545	0.00192502
09547	3.97138e-05
09574	0.000874271
09581	0.00035474
09582	4.61539e-05
09595	0.000499016
09597	0.000110638
09599	0.000788912
09629	0.00104574
09658	9.9092e-05
09693	0.00109378
09710	0.000189842
09766	2.37216e-05
09788	0.000666219
09789	9.10236e-05
09803	0.000157699
09829	0.00103401
09837	0.000740297
09838	0.00012652
0987A	6.52052e-05
09881	0.000415568
09883	0.00492818
09886	0.000157881
09906	0.000347185
09918	0.000267036
09932	0.000594116
09934	0.000289555
09951	0.000701383
09982	5.63973e-05
09986	9.1722e-05
