# format = weight
# date = 20200930
01346	0.000289781
01361	0.00211431
01362	0.00299155
0137A	0.000576024
01384	0.000391538
01419	0.000294791
01454	0.000438043
01464	0.000219682
01484	0.000133423
01488	0.000613413
01489	0.000941367
0148A	0.00229066
01492	5.26169e-05
01514	0.000587517
01555	0.000190199
01587	0.00065662
01607	0.000150747
01616	0.000590979
01649	0.000433826
01659	0.00207501
01678	0.000996737
01681	0.00052851
01682	0.00243766
01729	9.68345e-05
01763	0.00023381
01780	2.41873e-05
01783	0.0242006
01821	0.000103173
01846	0.000311076
01875	0.00160673
01876	0.000138514
01926	0.000736247
01953	0.000309758
01961	0.000815763
01993	0.000212335
01995	0.00965964
01999	0.000392347
02007	0.00135615
02022	0.000256941
02025	0.000300602
02029	0.000263337
02047	0.00251475
02048	0.000235348
02051	4.33542e-05
02071	0.000317768
02092	0.000187036
02098	2.82734e-05
02103	0.00166992
02167	1.64254e-05
02180	0.000282166
02185	0.00085466
0219A	0.000519565
02209	0.000456503
02210	0.000365863
02216	0.000825414
02239	0.00273777
02244	0.000292044
02281	8.83063e-05
02282	0.00041431
02284	0.000346638
02300	0.00166111
02303	0.00185563
02340	5.83526e-05
02343	0.000172304
02344	0.00133913
02345	0.00417339
02364	0.000263736
02365	5.75733e-05
02421	0.000221856
02425	0.0023694
02449	0.000188904
02452	0.000185051
02473	0.000383678
02482	7.97619e-05
02505	0.000626039
02511	0.000152032
02527	0.000669804
02544	5.79817e-05
02562	4.3625e-05
02563	0.00253024
02565	0.000121485
02571	0.00198763
02572	0.000477266
02585	0.00114093
02605	0.00520154
02618	6.40675e-05
02630	0.000491536
02638	0.000254781
02649	0.000277096
02654	0.000554639
02681	0.000111079
02684	0.000133659
02694	0.00032373
02725	9.45583e-05
02730	0.000394209
02732	0.00172108
02768	0.000150788
02776	0.000693034
02787	0.000557706
02802	0.000273581
02813	0.00987673
02826	0.000909811
02831	0.000166126
0283A	0.000756711
02852	0.000877332
02859	0.000743401
02876	0.00159987
02891	0.000800979
02938	0.000130204
02944	0.00135853
02962	0.00651775
0296A	0.00390857
02973	1.64437e-05
02988	0.000198654
03007	0.000117539
03015	0.000417048
03073	0.00652385
03152	0.00526886
03160	0.000255563
03234	0.000176952
03244	0.00100519
03259	0.00445243
03268	0.0044222
03281	0.000890903
03297	0.00042277
03302	0.021067
03342	0.0014983
03349	0.000199439
03438	0.00196291
03455	0.000952624
03467	0.000434575
03476	0.00119324
03495	0.000148312
03514	0.00103204
03531	0.000115709
03546	0.000259054
0355A	0.000218686
03581	0.000752999
03585	0.000202672
03617	5.40895e-05
03619	0.000200052
03628	0.000501754
03664	0.000569771
03672	0.000592611
03690	0.00368448
03696	7.32835e-05
03754	0.000624555
03755	6.37157e-05
03762	0.00660077
03764	0.000722967
03776	0.00381641
03797	0.00148512
03805	0.0026484
03809	0.000214914
03815	0.0022005
03832	0.000130644
03846	0.000856166
03853	0.00186194
03864	0.00191842
03880	4.52079e-05
03961	0.000202164
03962	0.00083984
03967	0.000258664
03981	0.00108678
03982	0.000823112
03983	0.000790583
03988	7.62921e-05
04006	7.52834e-05
04007	0.00014212
04031	0.000368235
0404A	0.000385697
04055	5.99408e-05
04058	0.0147659
04062	4.95663e-05
04071	0.00117862
04090	0.0028254
04119	0.000253366
04149	0.000121344
04170	0.000191224
04177	0.0078833
04194	0.000494122
0419A	0.000315708
04209	0.000338172
0423A	5.48784e-05
04274	0.00362609
04300	0.000259801
04308	0.000297098
04319	0.000355306
04333	0.000163994
04392	0.000760978
04426	0.000289024
04435	0.000122025
04465	0.00230918
04474	0.00238054
04482	1.12753e-05
04524	0.00027907
04529	0.000137984
04549	0.000984263
04578	0.000340429
04662	0.00364221
04666	4.01848e-05
0467A	3.21914e-05
04689	0.000211395
04703	9.10705e-05
0471A	0.000874294
04762	0.000222945
04784	0.00150761
04810	0.000593809
04818	0.000282425
04854	0.00984087
04863	0.00687673
04865	0.000737621
04873	2.00086e-05
04885	0.000267415
04894	4.46485e-05
04907	0.00412701
04911	0.000440217
04913	0.00159471
04918	0.00196232
04922	0.000807089
04940	0.0013333
04966	0.0162726
04971	0.000431685
04987	0.000111832
04994	0.000402296
04998	0.000343262
05005	0.00123476
05008	0.0111763
05011	0.000744642
05020	2.54413e-05
05049	0.000925484
05078	0.00351717
05092	0.00343146
05102	0.000249197
05108	0.00249044
05131	0.000373336
05145	0.00110384
05168	7.86062e-05
05180	7.28537e-06
05183	0.00165288
05189	0.00020863
05198	0.00695741
05215	0.000373651
05222	3.72214e-05
05244	0.000343991
05282	0.00200066
05284	0.000156507
05285	0.00116277
05316	0.000190202
05369	2.73285e-05
05373	0.00724781
05388	0.0004454
05416	0.00161229
05417	0.000515439
05420	0.000282193
05429	0.000201152
05435	0.00132167
05458	0.00195218
05476	0.000360434
05481	0.0123727
05484	0.000173101
0554A	0.000766325
05556	8.01919e-05
05579	2.5184e-05
05580	0.00221041
05581	3.10908e-05
05624	3.56898e-05
05654	0.000809601
05659	0.00467395
05677	0.00282258
05681	0.00159159
05702	6.694e-05
0572A	0.0014256
05764	1.92861e-05
05769	0.000370686
05773	0.00140805
0583A	0.00088431
05855	0.000135423
05866	7.34724e-05
05868	0.000803256
05873	0.0022782
05881	0.00169072
05910	0.000341635
05915	3.27074e-05
05920	9.80606e-06
05928	0.000761459
05957	0.00207503
05964	8.79724e-05
05969	0.000714951
05978	0.000464276
05984	0.00281922
06061	0.00445221
06106	0.00157449
06135	0.000441645
06154	0.000266279
06172	3.67156e-05
06184	0.000324322
06224	0.00582114
06257	0.000290243
06263	0.00051057
06264	0.00177065
0626A	3.21874e-05
06277	0.00131069
06297	0.000713194
06347	0.0040721
06402	0.000255531
06418	0.00255476
06423	7.42812e-05
06435	0.000223649
06437	0.00257053
06454	0.0007445
06466	0.000804033
06477	0.000648322
06489	0.00118315
06494	0.00394139
06517	0.00124346
06533	0.00100939
06538	8.66824e-05
06544	0.000378516
06559	0.000165474
06562	0.000273971
06616	0.0008369
06671	0.000418913
06694	0.000484044
0671A	0.00262533
06735	5.83191e-05
06737	0.00226242
0673A	0.000283971
06751	0.00121773
06770	0.00394029
06777	0.000613931
06792	0.000968727
06801	0.00175984
06808	0.00216269
06832	0.0173879
06842	0.000622496
06862	0.00276483
06882	0.000281135
06886	0.000419949
06908	0.000778124
06914	0.000427366
06918	0.000111227
06920	0.000774744
06925	0.0289165
06939	0.00109243
06976	0.000289453
06977	0.000136177
06981	0.000449778
07005	9.30914e-05
07017	0.00257627
07045	0.00538697
07079	0.176952
07084	0.000727022
07103	0.00279551
07123	6.85698e-05
07136	0.000515743
07173	3.23733e-05
07201	5.76118e-05
07230	0.000142474
07249	0.000489713
07272	0.0035167
07283	0.00532895
07311	0.000536393
07321	0.000180563
07379	0.00019271
07393	0.00491085
07416	0.00123512
07429	0.00569904
07433	0.0034938
07440	0.000324965
07441	0.000367451
07461	0.021805
07486	0.00301982
07490	0.000152363
07506	0.00243426
07508	0.000480449
07585	0.000285163
07609	0.00617086
07619	0.000268631
07636	4.08667e-05
07642	0.0192139
07645	0.000272662
07647	0.00117353
07655	0.00719014
07658	0.00108299
07663	6.11083e-05
07665	9.9029e-05
07685	0.00382588
07694	0.000195412
07697	0.000711067
07719	0.000500442
07739	0.0120366
07786	0.000628734
07790	0.00046778
07816	0.00170985
07845	2.04451e-05
07861	0.000319651
07872	0.00192109
07874	0.000949488
07884	0.000243352
07886	0.000304084
07908	0.000640413
07918	0.000221249
07924	0.00104759
07949	0.000784047
08003	0.00115453
08044	0.000103794
08045	0.00175887
08051	0.00334329
08092	0.000280075
08093	0.00171956
08132	0.00114747
08133	0.00136508
08134	0.000393438
08145	0.0247031
08155	0.000210541
08173	0.000333313
08178	0.00162987
08210	0.000152468
08212	0.000253464
08258	0.00104586
08263	0.00723662
08276	0.000167279
08314	0.00311439
08349	0.000359791
08353	4.65521e-05
08363	0.000484091
08370	0.000966804
08376	0.000733958
08427	0.000131851
08434	0.0199559
08453	0.000418314
08471	0.000441422
08499	0.000606321
08512	4.93011e-05
08539	0.000474638
0853A	0.000492189
08558	0.000136053
08580	0.00125441
08594	0.00419644
08676	0.00105905
08686	6.16604e-05
08772	0.000125051
08773	0.0002265
08780	0.00119567
08826	0.00191169
08828	0.000232272
08846	0.000165023
08848	0.0016112
08854	0.00195078
08858	0.000106438
08860	7.86645e-06
08879	0.000181686
08888	0.000518592
08890	5.83443e-05
08892	0.000570158
08913	0.00145149
08964	0.0087936
09010	0.000155627
09021	0.000183786
09033	0.00147517
09055	0.000686196
09182	1.52369e-05
09215	0.00175291
09217	0.000265044
09220	8.46876e-05
09225	0.000144554
09226	0.000978847
09232	0.00136961
09237	2.81852e-05
09263	0.00016035
09265	0.0014594
09268	0.00169387
09283	0.000108827
09313	0.000534362
09323	0.00297803
09335	0.00228448
09345	9.0958e-05
09350	0.000326232
09357	0.00489913
09360	0.00204659
09444	0.00027812
09479	0.000165691
09486	0.00480226
09503	0.00655464
09514	4.95221e-05
09529	0.0019645
09534	0.0153853
09545	0.00184573
09547	3.8078e-05
09574	0.000838261
09595	0.000478461
09599	0.000756417
09629	0.00100266
09658	9.50105e-05
09693	0.00104872
09710	0.000182023
09730	0.000264629
09738	0.00357173
09766	2.27446e-05
09788	0.000638778
09789	8.72744e-05
09803	0.000151203
09829	0.000991415
09838	0.000121309
09881	0.000398451
09883	0.00472519
09886	0.000151378
09896	0.00136536
09906	0.000332885
09932	0.000569644
09934	0.000277628
09951	0.000672493
09986	8.7944e-05
