# format = weight
# date = 20201231
01346	0.000364653
01356	0.000259672
01361	0.0026606
01362	0.00376449
0137A	0.000724853
01384	0.000492701
01419	0.000370958
01454	0.000551222
01482	0.0010543
01484	0.000167896
01488	0.000771903
01489	0.00118459
0148A	0.00288251
01492	6.62118e-05
01514	0.000739316
01515	3.93913e-05
01555	0.000239341
01572	0.0026148
01587	0.000826274
01607	0.000189696
01616	0.000743673
01649	0.000545915
01678	0.00125427
01681	0.000665064
01682	0.00306749
01729	0.000121854
01763	0.000294221
01780	3.04367e-05
01783	0.0304534
01821	0.000129831
01846	0.00039145
01855	3.84276e-05
01875	0.00202187
01876	0.000174303
01926	0.000926474
01953	0.000389792
01993	0.000267197
01999	0.000493719
02007	0.00170654
02022	0.000323328
02025	0.00037827
02029	0.000331377
02047	0.0031645
02048	0.000296156
02051	5.45558e-05
02066	0.00205326
02071	0.000399872
02092	0.000235362
02098	3.55785e-05
02103	0.00210138
02167	2.06693e-05
02180	0.00035507
02185	0.00107548
0219A	0.000653807
02209	0.000574451
02210	0.000460393
02216	0.00103868
02239	0.00344514
02244	0.000367501
02284	0.000436201
02303	0.00233508
02325	8.0758e-05
02340	7.34294e-05
02343	0.000216823
02344	0.00168513
02345	0.00525169
02364	0.000331879
02365	7.24488e-05
02421	0.000279178
02425	0.00298159
02449	0.000237712
02452	0.000232863
02482	0.00010037
02494	0.000782873
02511	0.000191313
02527	0.000842864
02544	7.29627e-05
02562	5.48966e-05
02563	0.00318399
02571	0.00250118
02572	0.000600579
02605	0.00654549
02618	8.0621e-05
02630	0.000618536
02638	0.00032061
02649	0.00034869
02654	0.000697944
02681	0.000139779
02684	0.000168193
02694	0.000407374
02725	0.00011899
02730	0.000496062
02732	0.00216576
02768	0.000189747
02776	0.000872097
02787	0.000701803
02802	0.000344268
02813	0.0124286
02826	0.00114488
02831	0.000209048
0283A	0.000952225
02852	0.00110401
02859	0.000935477
02876	0.00201324
02891	0.00100793
02938	0.000163845
02962	0.00820176
0296A	0.00491844
02973	2.06923e-05
02988	0.000249981
02989	0.000839734
03007	0.000147908
03015	0.000524802
03073	0.00820945
03152	0.0066302
03160	0.000321594
03234	0.000222671
03244	0.00126491
03259	0.00560282
03268	0.00556478
03281	0.00112109
03284	0.000478367
03297	0.000532003
03302	0.0265102
03323	5.55467e-05
03342	0.00188542
03349	0.000250969
03356	0.00015684
03357	0.00203609
03438	0.00247008
03455	0.00119876
03467	0.000546859
03495	0.000186632
03514	0.00129869
03531	0.000145606
03546	0.000325987
0355A	0.000275189
03569	0.000766896
03581	0.000947555
03585	0.000255037
03619	0.000251741
03628	0.000631394
03664	0.000716985
03669	0.000303319
03672	0.000745727
03683	0.00408375
03690	0.00463646
03696	9.22181e-05
03729	0.000457787
03754	0.000785923
03755	8.01782e-05
03762	0.00830625
03764	0.000909763
03773	0.000341785
03776	0.00480247
03797	0.00186883
03805	0.00333268
03809	0.000270443
03815	0.00276905
03846	0.00107738
03853	0.00234301
03877	0.000402665
03920	0.000319043
03944	0.005379
03962	0.00105683
03967	0.000325496
03981	0.00136758
03982	0.00103578
03983	0.00099485
03988	9.60041e-05
04006	9.47347e-05
04007	0.000178841
04055	7.5428e-05
04062	6.2373e-05
04071	0.00148314
04119	0.000318829
04149	0.000152697
04170	0.000240632
04177	0.00992014
04194	0.000621791
0419A	0.000397279
04209	0.000425547
0423A	6.90576e-05
04274	0.00456298
04300	0.000326927
04308	0.000373861
04319	0.000447108
04333	0.000206366
04347	0.000134907
04362	4.48683e-05
04392	0.000957596
04426	0.0003637
04435	0.000153553
04465	0.00290582
04474	0.00299561
04482	1.41886e-05
04529	0.000173635
04578	0.000428387
04666	5.05676e-05
04676	0.000292722
04703	0.000114601
04713	0.00157816
0471A	0.00110019
04762	0.000280548
04779	7.94796e-05
04784	0.00189713
04810	0.000747234
04854	0.0123835
04863	0.00865351
04865	0.000928204
04873	2.51783e-05
04885	0.000336508
04897	0.00537226
04907	0.00519332
04911	0.000553958
04913	0.00200674
04922	0.00101562
04940	0.00167779
04966	0.0204771
04971	0.000543221
04987	0.000140727
04998	0.000431952
05005	0.00155379
05008	0.014064
05011	0.000937039
05012	0.00602249
05020	3.20147e-05
05027	0.00218378
05049	0.00116461
05078	0.00442591
05092	0.00431806
05102	0.000313583
05108	0.00313391
05115	0.000969871
05131	0.000469796
05145	0.00138905
05168	9.89161e-05
05183	0.00207994
05189	0.000262534
05198	0.00875503
05215	0.000470193
05222	4.68385e-05
05244	0.000432869
05282	0.00251758
05284	0.000196944
05285	0.0014632
05316	0.000239345
05349	0.00204334
05369	3.43894e-05
05373	0.00912045
05388	0.00056048
05407	0.000227843
05416	0.00202887
05417	0.000648616
05420	0.000355104
05423	0.000370776
05429	0.000253125
05435	0.00166315
05458	0.00245657
05463	0.00104993
05481	0.0155695
05484	0.000217825
0554A	0.000964324
05556	0.000100911
05579	3.16909e-05
05580	0.00278153
05581	3.91239e-05
05654	0.00101878
05677	0.00355186
05681	0.00200282
0572A	0.00179394
05764	2.42691e-05
05769	0.000466462
05773	0.00177185
05816	0.000210186
05821	0.00288777
0583A	0.00111279
05855	0.000170413
05859	0.000341381
05866	9.24558e-05
05873	0.00286683
05881	0.00212756
05886	0.00133586
05910	0.000429905
05915	4.11582e-05
05920	1.23397e-05
05928	0.000958201
05957	0.00261116
05960	0.00106017
05964	0.000110702
05969	0.000899675
05978	0.000584233
05984	0.00354764
06106	0.0019813
06135	0.000555754
06172	4.6202e-05
06184	0.000408118
06224	0.00732517
06257	0.000365234
06263	0.000642489
06264	0.00222814
0626A	4.05038e-05
06297	0.000897466
06347	0.00512422
06402	0.000321553
06418	0.00321485
06423	9.34735e-05
06435	0.000281434
06437	0.00323469
06454	0.00093686
06466	0.00101177
06477	0.000815832
06489	0.00148885
06494	0.00495975
06533	0.00127019
06536	0.000106754
06538	0.000109079
06544	0.000476315
06559	0.000208228
06562	0.000344759
06616	0.00105313
06671	0.00052715
06694	0.000609109
0671A	0.00330365
06735	7.33873e-05
06737	0.00284697
0673A	0.000357342
06751	0.00153236
06770	0.00495836
06777	0.000772555
06801	0.00221454
06808	0.00272147
06837	0.000352445
06842	0.000783333
06862	0.00347919
06882	0.000353773
06886	0.000528453
06908	0.000979172
06914	0.000537786
06918	0.000139965
06920	0.000974918
06925	0.0363878
06939	0.00137469
06967	0.00266125
06977	0.000171361
06981	0.000565989
07005	0.000117144
07017	0.00324191
07045	0.00677883
07084	0.000914866
07103	0.0035178
07123	8.62865e-05
07136	0.000648998
07173	4.07377e-05
07201	7.24973e-05
07230	0.000179286
07249	0.000616242
07272	0.00442532
07283	0.00670581
07290	7.36613e-05
07321	0.000227216
07379	0.000242502
07393	0.00617968
07416	0.00155424
07429	0.00717152
07433	0.00439651
07440	0.000408928
07441	0.000462392
07461	0.0274389
07486	0.00380007
07490	0.00019173
07506	0.00306321
07508	0.000604585
07558	0.0130147
07585	0.000358842
07602	0.000639889
07609	0.00776525
07619	0.000338038
07637	0.0370942
07642	0.0241783
07645	0.000343111
07647	0.00147674
07658	0.0013628
07665	0.000124616
07685	0.00481439
07694	0.000245901
07697	0.000894789
07719	0.000629743
07739	0.0151466
07772	0.00124213
07786	0.000791183
07788	0.000746645
07790	0.000588642
07845	2.57276e-05
07853	0.00117758
07861	0.00040224
07872	0.00241744
07874	0.00119481
07884	0.000306227
07886	0.000382652
07908	0.00080588
07918	0.000278414
07924	0.00131826
07949	0.000986625
08044	0.000130611
08045	0.00221332
08049	8.21085e-05
08051	0.00420712
08092	0.000352439
08093	0.00216385
08130	0.000482159
08132	0.00144395
08134	0.000495093
08145	0.0310858
08155	0.000264939
08173	0.000419432
08178	0.00205099
08210	0.000191861
08212	0.000318952
08258	0.00131609
08263	0.00910638
08276	0.0002105
08300	0.000894758
08314	0.00391907
08349	0.000452752
08353	5.85799e-05
08363	0.000609168
08370	0.0012166
08376	0.000923594
08427	0.000165917
08451	0.000989873
08453	0.000526396
08471	0.000555474
08482	0.000432305
08499	0.000762979
08512	6.20392e-05
08539	0.000597272
0853A	0.000619358
08558	0.000171206
08580	0.00157852
08594	0.0052807
08686	7.75919e-05
08747	0.000735508
08772	0.000157361
08773	0.000285022
08826	0.00240562
08828	0.000292286
08846	0.00020766
08848	0.00202749
08854	0.00245481
08858	0.000133939
08860	9.89895e-06
08879	0.000228629
08888	0.000652582
08890	7.3419e-05
08892	0.000717472
08964	0.0110656
09021	0.000231271
09033	0.00185632
09072	0.000527826
09085	0.00050215
09182	1.91737e-05
0918A	3.40707e-05
09215	0.00220581
09217	0.000333525
09220	0.000106569
09221	5.02941e-05
09225	0.000181903
09226	0.00123176
09232	0.00172349
09237	3.54676e-05
09263	0.000201781
09268	0.00213153
09278	0.000381194
09283	0.000136946
09284	0.000670182
09302	0.000110091
09313	0.000672427
09323	0.00374747
09335	0.00287473
09345	0.000114459
09357	0.00616493
09360	0.00257538
09370	8.0962e-05
09417	0.00131187
09444	0.00034998
09479	0.000208502
09486	0.00604304
09503	0.00824819
09529	0.00247208
09534	0.0193605
09545	0.00232262
09547	4.79164e-05
09574	0.00105485
09581	0.000428009
09582	5.56866e-05
09595	0.000602084
09597	0.00013349
09599	0.000951856
09629	0.00126173
09658	0.000119559
09693	0.00131969
09710	0.000229053
09730	0.000333003
09738	0.00449457
09766	2.86212e-05
09788	0.000803821
09789	0.000109824
09803	0.00019027
09829	0.00124757
09837	0.000893199
09838	0.000152652
0987A	7.86728e-05
09883	0.00594606
09886	0.000190491
09896	0.00171813
09918	0.00032219
09934	0.00034936
09951	0.000846248
09982	6.80457e-05
09986	0.000110667
