# format = weight
# date = 20200430
01346	0.000305227
01361	0.00222701
01362	0.00315101
0137A	0.000606727
01384	0.000412408
01419	0.000310505
01464	0.000231391
01482	0.000882482
01484	0.000140534
01488	0.00064611
01489	0.000991545
01492	5.54216e-05
01514	0.000618833
01515	3.29719e-05
01555	0.000200337
01572	0.00218868
01587	0.00069162
01607	0.000158782
01616	0.00062248
01649	0.00045695
01659	0.00218561
01681	0.000556682
01682	0.0025676
01729	0.000101996
01763	0.000246273
01780	2.54766e-05
01783	0.0254905
01821	0.000108673
01846	0.000327657
01855	3.21652e-05
01875	0.00169238
01876	0.000145898
01926	0.000775491
01961	0.000859246
01993	0.000223653
01995	0.0101745
01999	0.00041326
02022	0.000270637
02025	0.000316625
02029	0.000277374
02047	0.00264879
02048	0.000247893
02051	4.56651e-05
02066	0.00171865
02071	0.000334706
02092	0.000197006
02103	0.00175893
02167	1.73009e-05
02180	0.000297206
02185	0.000900216
0219A	0.000547259
02209	0.000480836
02210	0.000385365
02216	0.000869411
02239	0.0028837
02244	0.000307611
02282	0.000436394
02284	0.000365115
02300	0.00174966
02303	0.00195454
02325	6.75972e-05
02340	6.1463e-05
02343	0.000181489
02344	0.00141051
02345	0.00439585
02359	9.22329e-05
02421	0.000233681
02425	0.0024957
02432	0.00010673
02449	0.000198973
02452	0.000194915
02473	0.000404129
02482	8.40134e-05
02494	0.000655292
02505	0.000659409
02527	0.000705507
02562	4.59503e-05
02563	0.00266511
02565	0.00012796
02571	0.00209357
02572	0.000502705
02585	0.00120174
02605	0.0054788
02618	6.74825e-05
02630	0.000517736
02638	0.000268361
02649	0.000291866
02654	0.000584203
02681	0.000117
02684	0.000140783
02694	0.000340986
02725	9.95985e-05
02730	0.000415221
02732	0.00181282
02768	0.000158825
02787	0.000587433
02802	0.000288164
02813	0.0104032
02826	0.000958306
02831	0.000174981
0283A	0.000797046
02852	0.000924096
02859	0.000783026
02876	0.00168515
02891	0.000843673
02938	0.000137144
02944	0.00143095
02962	0.00686516
02973	1.73202e-05
02988	0.000209243
03007	0.000123804
03015	0.000439278
03073	0.0068716
03152	0.00554971
03160	0.000269186
03195	5.36912e-05
03234	0.000186384
03259	0.00468975
03268	0.00465791
03281	0.000938391
03297	0.000445305
03302	0.02219
03323	4.64945e-05
03349	0.00021007
03356	0.000131281
03438	0.00206754
03455	0.0010034
03476	0.00125684
03495	0.000156218
03514	0.00108705
03531	0.000121877
03546	0.000272862
03558	0.000238135
0355A	0.000230343
03569	0.000641919
03581	0.000793136
03585	0.000213475
03617	5.69726e-05
03619	0.000210716
03628	0.000528499
03664	0.000600141
03669	0.000253889
03672	0.000624199
03683	0.00341824
03690	0.00388088
03696	7.71898e-05
03729	0.000383183
03754	0.000657845
03755	6.7112e-05
03762	0.00695262
03764	0.000761503
03776	0.00401983
03797	0.00156428
03805	0.00278957
03809	0.00022637
03815	0.00231779
03832	0.000137607
03846	0.000901802
03853	0.00196118
03864	0.00202067
03880	4.76176e-05
03920	0.00026705
03944	0.00450241
03961	0.00021294
03967	0.000272452
03981	0.00114471
03982	0.000866987
03983	0.000832724
03988	8.03587e-05
04006	7.92963e-05
04007	0.000149696
04031	0.000387863
0404A	0.000406256
04055	6.31358e-05
04058	0.015553
04062	5.22084e-05
04071	0.00124144
04090	0.002976
04119	0.000266871
04149	0.000127813
04170	0.000201417
04177	0.0083035
04194	0.000520461
0419A	0.000332536
0423A	5.78036e-05
04308	0.000312934
04319	0.000374245
04333	0.000172735
04347	0.000112922
04362	3.75563e-05
04392	0.000801541
04426	0.000304429
04435	0.000128529
04465	0.00243227
04474	0.00250743
04482	1.18763e-05
04524	0.000293945
04529	0.000145339
04549	0.00103673
04578	0.000358575
04662	0.00383635
04676	0.000245019
0467A	3.39073e-05
04689	0.000222663
04703	9.59248e-05
04713	0.00132097
0471A	0.000920897
04762	0.000234829
04779	6.65272e-05
04784	0.00158797
04810	0.000625461
04818	0.000297479
04854	0.0103654
04863	0.00724328
04865	0.000776939
04873	2.10752e-05
04885	0.000281669
04894	4.70284e-05
04897	0.00449677
04907	0.00434699
04911	0.000463682
04913	0.00167971
04918	0.00206692
04966	0.01714
04971	0.000454695
04987	0.000117793
04994	0.00042374
04998	0.000361559
05005	0.00130058
05008	0.0117721
05011	0.000784334
05012	0.00504103
05020	2.67974e-05
05027	0.0018279
05045	0.000343351
05049	0.000974815
05078	0.00370464
05092	0.00361436
05102	0.00026248
05108	0.00262319
05115	0.000811816
05145	0.00116268
05168	8.27962e-05
05180	7.6737e-06
05183	0.00174098
05189	0.00021975
05198	0.00732826
05215	0.000393568
05222	3.92054e-05
05244	0.000362327
05282	0.0021073
05284	0.000164849
05285	0.00122475
05316	0.00020034
05369	2.87852e-05
05388	0.000469141
05416	0.00169823
05417	0.000542914
05420	0.000297235
05423	0.000310353
05429	0.000211874
05435	0.00139211
05458	0.00205623
05463	0.000878828
05476	0.000379647
05484	0.000182327
0554A	0.000807172
05556	8.44663e-05
05569	0.000230906
05580	0.00232823
05581	3.27481e-05
05624	3.75922e-05
05681	0.00167643
05702	7.05081e-05
0572A	0.00150159
05744	0.000264933
05769	0.000390445
05773	0.0014831
05816	0.000175933
0583A	0.000931447
05859	0.000285747
05866	7.73887e-05
05868	0.000846072
05873	0.00239964
05874	0.00020486
05881	0.00178084
05886	0.00111816
05910	0.000359845
05915	3.44508e-05
05920	1.03287e-05
05928	0.000802047
05960	0.0008874
05964	9.26616e-05
05969	0.00075306
05984	0.0029695
05988	0.000141713
06039	2.47017e-05
06061	0.00468953
06106	0.00165842
06135	0.000465186
06154	0.000280472
06172	3.86727e-05
06224	0.00613142
06257	0.000305713
06263	0.000537785
06264	0.00186503
0626A	3.39031e-05
06277	0.00138056
06297	0.00075121
06347	0.00428915
06402	0.000269151
06418	0.00269094
06423	7.82406e-05
06435	0.00023557
06437	0.00270754
06454	0.000784184
06466	0.00084689
06477	0.000682879
06489	0.00124622
06494	0.00415148
06517	0.00130974
06533	0.0010632
06536	8.93571e-05
06538	9.13028e-05
06544	0.000398692
06559	0.000174294
06562	0.000288575
06616	0.000881509
06671	0.000441242
06694	0.000509845
0671A	0.00276527
06735	6.14277e-05
06737	0.00238302
0673A	0.000299107
06770	0.00415032
06777	0.000646655
06792	0.00102036
06801	0.00185364
06808	0.00227797
06832	0.0183147
06837	0.000295009
06842	0.000655677
06862	0.0029122
06882	0.00029612
06886	0.000442334
06908	0.000819601
06914	0.000450146
06918	0.000117156
06920	0.00081604
06925	0.0304579
06939	0.00115066
06981	0.000473753
07005	9.80534e-05
07017	0.00271359
07079	0.186384
07081	7.9071e-05
07103	0.00294452
07123	7.22248e-05
07136	0.000543234
07173	3.40989e-05
07230	0.000150069
07249	0.000515816
07272	0.00370415
07283	0.005613
07290	6.1657e-05
07311	0.000564984
07321	0.000190188
07379	0.000202982
07393	0.00517261
07416	0.00130095
07429	0.00600281
07433	0.00368004
07441	0.000387038
07461	0.0229673
07486	0.00318079
07490	0.000160484
07506	0.00256401
07558	0.0108938
07585	0.000300363
07602	0.000535609
07609	0.00649979
07619	0.00028295
07636	4.30451e-05
07637	0.0310491
07642	0.0202381
07645	0.000287196
07647	0.00123609
07655	0.00757339
07658	0.00114071
07663	6.43656e-05
07665	0.000104308
07685	0.00402981
07694	0.000205828
07719	0.000527117
07726	0.000672805
07772	0.00103971
07786	0.000662247
07790	0.000492714
07816	0.00180099
07845	2.15349e-05
07853	0.000985675
07861	0.000336689
07874	0.0010001
07884	0.000256323
07886	0.000320293
07908	0.000674549
07918	0.000233042
07924	0.00110343
07949	0.000825839
08003	0.00121607
08049	6.87277e-05
08051	0.0035215
08092	0.000295003
08093	0.00181122
08130	0.000403584
08132	0.00120864
08133	0.00143784
08155	0.000221763
08173	0.000351079
08178	0.00171675
08210	0.000160595
08212	0.000266974
08258	0.00110161
08263	0.00762236
08300	0.000748943
08314	0.0032804
08349	0.000378969
08363	0.000509895
08370	0.00101834
08376	0.000773081
08427	0.000138879
08451	0.000828558
08453	0.000440612
08471	0.000464951
08482	0.000361855
08499	0.00063864
08512	5.1929e-05
08539	0.000499937
08558	0.000143305
08580	0.00132128
08594	0.00442013
08676	0.0011155
08686	6.49471e-05
08687	0.000220452
08712	0.0015043
08747	0.000615645
08772	0.000131717
08773	0.000238573
08780	0.0012594
08826	0.00201359
08828	0.000244653
08848	0.00169708
08858	0.000112112
08860	8.28576e-06
08879	0.00019137
08888	0.000546234
08890	6.14542e-05
08892	0.000600549
08913	0.00152885
08964	0.00926233
09021	0.000193582
09055	0.000722773
09072	0.000441809
09182	1.6049e-05
0918A	2.85183e-05
09215	0.00184634
09217	0.000279172
09220	8.92017e-05
09221	4.20979e-05
09226	0.00103102
09232	0.00144262
09237	2.96876e-05
09263	0.000168898
09265	0.00153719
09278	0.000319072
09283	0.000114628
09284	0.000560966
09323	0.00313677
09335	0.00240625
09345	9.58063e-05
09350	0.000343621
09357	0.00516026
09360	0.00215568
09370	6.7768e-05
09417	0.00109808
09444	0.000292945
09479	0.000174523
09486	0.00505823
09503	0.00690402
09534	0.0162054
09545	0.00194411
09547	4.01077e-05
09581	0.000358259
09582	4.66116e-05
09595	0.000503965
09597	0.000111735
09599	0.000796736
09629	0.00105611
09658	0.000100075
09693	0.00110462
09710	0.000191725
09730	0.000278735
09738	0.00376211
09766	2.39569e-05
09789	9.19264e-05
09803	0.000159263
09837	0.000747639
09838	0.000127775
0987A	6.58519e-05
09881	0.00041969
09883	0.00497706
09886	0.000159447
09906	0.000350629
09932	0.000600008
09934	0.000292427
09951	0.000708339
09982	5.69566e-05
09986	9.26317e-05
