# format = weight
# date = 20200731
01346	0.000292113
01356	0.000208016
01361	0.00213133
01362	0.00301563
0137A	0.00058066
01384	0.000394689
01419	0.000297164
01454	0.000441568
01464	0.00022145
01482	0.000844566
01484	0.000134496
01488	0.00061835
01489	0.000948943
01492	5.30404e-05
01514	0.000592245
01555	0.00019173
01572	0.00209464
01587	0.000661905
01607	0.00015196
01616	0.000595735
01659	0.00209171
01681	0.000532764
01682	0.00245728
01729	9.76138e-05
01763	0.000235692
01780	2.4382e-05
01783	0.0243954
01821	0.000104004
01846	0.00031358
01875	0.00161967
01876	0.000139629
01926	0.000742172
01953	0.000312251
01995	0.00973738
01999	0.000395505
02007	0.00136706
02022	0.000259009
02025	0.000303021
02029	0.000265457
02047	0.00253499
02048	0.000237242
02051	4.37031e-05
02066	0.00164481
02071	0.000320326
02098	2.85009e-05
02103	0.00168336
02104	0.00256016
02167	1.65576e-05
02180	0.000284437
02185	0.000861538
0219A	0.000523746
02209	0.000460177
02210	0.000368808
02216	0.000832057
02239	0.00275981
02244	0.000294394
02281	8.9017e-05
02282	0.000417644
02284	0.000349428
02300	0.00167448
02303	0.00187056
02340	5.88223e-05
02343	0.000173691
02344	0.00134991
02345	0.00420698
02359	8.82701e-05
02364	0.000265859
02365	5.80367e-05
02425	0.00238847
02432	0.000102144
02449	0.000190424
02452	0.00018654
02473	0.000386766
02482	8.04039e-05
02494	0.000627137
02505	0.000631078
02511	0.000153256
02527	0.000675195
02544	5.84483e-05
02562	4.39761e-05
02563	0.00255061
02565	0.000122462
02571	0.00200362
02585	0.00115011
02605	0.00524341
02618	6.45832e-05
02630	0.000495492
02638	0.000256831
02649	0.000279326
02654	0.000559103
02681	0.000111973
02684	0.000134735
02725	9.53193e-05
02730	0.000397382
02732	0.00173493
02768	0.000152001
02776	0.000698612
02802	0.000275783
02813	0.00995622
02826	0.000917133
02831	0.000167463
0283A	0.000762801
02852	0.000884393
02859	0.000749384
02876	0.00161275
02891	0.000807425
02944	0.00136947
02962	0.0065702
02973	1.6576e-05
02988	0.000200253
02989	0.000672688
03007	0.000118485
03015	0.000420404
03073	0.00657636
03152	0.00531127
03160	0.00025762
03195	5.13844e-05
03234	0.000178376
03244	0.00101328
03259	0.00448826
03268	0.00445779
03284	0.000383207
03297	0.000426173
03302	0.0212366
03323	4.44969e-05
03349	0.000201044
03357	0.00163106
03455	0.000960291
03467	0.000438073
03495	0.000149506
03514	0.00104035
03531	0.000116641
03546	0.000261139
03558	0.000227904
03569	0.000614339
03581	0.000759059
03585	0.000204303
03617	5.45248e-05
03619	0.000201662
03628	0.000505792
03664	0.000574357
03669	0.00024298
03672	0.000597381
03683	0.00327138
03690	0.00371414
03696	7.38733e-05
03754	0.000629581
03755	6.42285e-05
03762	0.0066539
03764	0.000728786
03773	0.000273795
03776	0.00384712
03797	0.00149707
03805	0.00266972
03809	0.000216644
03846	0.000863057
03853	0.00187692
03864	0.00193386
03877	0.000322564
03880	4.55718e-05
03920	0.000255577
03944	0.00430897
03962	0.0008466
03967	0.000260746
03981	0.00109553
03983	0.000796946
03988	7.69062e-05
04007	0.000143264
04031	0.000371199
0404A	0.000388802
04055	6.04232e-05
04058	0.0148848
04062	4.99653e-05
04071	0.0011881
04090	0.00284814
04170	0.000192763
04177	0.00794675
04194	0.000498099
0419A	0.000318249
04209	0.000340894
0423A	5.53201e-05
04274	0.00365527
04300	0.000261892
04308	0.000299489
04319	0.000358166
04333	0.000165314
04347	0.00010807
04392	0.000767103
04426	0.00029135
04435	0.000123007
04465	0.00232777
04474	0.0023997
04482	1.13661e-05
04524	0.000281316
04529	0.000139094
04549	0.000992185
04578	0.000343169
04662	0.00367152
04666	4.05083e-05
04676	0.000234492
04689	0.000213097
04703	9.18034e-05
04713	0.00126422
0471A	0.000881331
04762	0.000224739
04779	6.36689e-05
04818	0.000284698
04854	0.00992007
04863	0.00693208
04865	0.000743558
04873	2.01697e-05
04885	0.000269567
04894	4.50079e-05
04897	0.00430356
04907	0.00416022
04911	0.00044376
04918	0.00197812
04922	0.000813585
04940	0.00134403
04966	0.0164036
04971	0.000435159
04987	0.000112732
04994	0.000405534
04998	0.000346025
05005	0.0012447
05008	0.0112663
05011	0.000750635
05012	0.00482445
05020	2.56461e-05
05027	0.00174936
05045	0.000328599
05049	0.000932932
05078	0.00354547
05092	0.00345908
05102	0.000251203
05108	0.00251049
05115	0.000776937
05131	0.000376341
05145	0.00111273
05168	7.92389e-05
05180	7.34401e-06
05183	0.00166618
05189	0.000210309
05198	0.00701341
05215	0.000376658
05222	3.7521e-05
05244	0.000346759
05282	0.00201676
05284	0.000157766
05285	0.00117213
05316	0.000191733
05349	0.00163686
05369	2.75484e-05
05388	0.000448985
05407	0.000182519
05417	0.000519588
05420	0.000284464
05423	0.000297019
05429	0.000202771
05435	0.0013323
05458	0.00196789
05463	0.00084107
05476	0.000363335
05481	0.0124723
05484	0.000174494
0554A	0.000772493
05556	8.08373e-05
05569	0.000220985
05579	2.53867e-05
05624	3.59771e-05
05654	0.000816117
05659	0.00471157
05677	0.00284529
05681	0.0016044
05702	6.74787e-05
0572A	0.00143707
05744	0.00025355
05764	1.94413e-05
05769	0.000373669
05773	0.00141938
05816	0.000168374
05821	0.00231331
0583A	0.000891427
05855	0.000136513
05859	0.00027347
05868	0.000809721
05874	0.000196058
05881	0.00170433
05886	0.00107012
05910	0.000344385
05915	3.29707e-05
05920	9.88498e-06
05928	0.000767588
05960	0.000849274
05978	0.000468013
05984	0.00284192
05988	0.000135624
06039	2.36404e-05
06061	0.00448804
06106	0.00158716
06154	0.000268422
06172	3.70111e-05
06184	0.000326932
06224	0.00586799
06257	0.000292579
06263	0.00051468
06264	0.0017849
0626A	3.24465e-05
06297	0.000718935
06347	0.00410487
06402	0.000257587
06418	0.00257532
06423	7.4879e-05
06435	0.000225449
06454	0.000750492
06466	0.000810504
06477	0.00065354
06489	0.00119267
06494	0.00397311
06517	0.00125347
06533	0.00101752
06536	8.55179e-05
06538	8.738e-05
06544	0.000381563
06559	0.000166805
06562	0.000276176
06616	0.000843635
06671	0.000422285
06694	0.00048794
0671A	0.00264646
06735	5.87885e-05
06737	0.00228063
0673A	0.000286256
06751	0.00122753
06770	0.003972
06777	0.000618872
06792	0.000976523
06801	0.001774
06808	0.0021801
06832	0.0175279
06837	0.000282334
06842	0.000627506
06862	0.00278708
06882	0.000283398
06886	0.000423329
06908	0.000784387
06914	0.000430805
06918	0.000112122
06925	0.0291493
06939	0.00110122
06967	0.00213185
06976	0.000291783
06981	0.000453398
07017	0.002597
07045	0.00543033
07079	0.178376
07081	7.56737e-05
07084	0.000732873
07103	0.00281801
07123	6.91217e-05
07136	0.000519894
07201	5.80755e-05
07230	0.000143621
07249	0.000493654
07272	0.003545
07283	0.00537184
07290	5.9008e-05
07321	0.000182017
07379	0.000194261
07393	0.00495037
07416	0.00124506
07429	0.0057449
07433	0.00352192
07440	0.000327581
07441	0.000370409
07461	0.0219805
07486	0.00304413
07490	0.000153589
07506	0.00245385
07585	0.000287458
07602	0.000512597
07609	0.00622053
07642	0.0193686
07645	0.000274857
07647	0.00118298
07655	0.007248
07658	0.0010917
07663	6.16001e-05
07665	9.9826e-05
07685	0.00385667
07694	0.000196985
07697	0.00071679
07719	0.00050447
07726	0.000643898
07739	0.0121335
07772	0.000995036
07786	0.000633794
07788	0.000598116
07790	0.000471545
07816	0.00172361
07845	2.06097e-05
07861	0.000322223
07872	0.00193655
07874	0.000957129
07884	0.00024531
07918	0.00022303
07924	0.00105602
07949	0.000790357
08003	0.00116382
08044	0.000104629
08045	0.00177303
08049	6.57748e-05
08092	0.000282329
08130	0.000386244
08132	0.00115671
08134	0.000396605
08145	0.024902
08155	0.000212235
08173	0.000335995
08178	0.00164299
08210	0.000153695
08212	0.000255504
08258	0.00105428
08263	0.00729487
08276	0.000168626
08314	0.00313946
08349	0.000362687
08363	0.000487987
08370	0.000974585
08376	0.000739866
08434	0.0201165
08451	0.00079296
08453	0.000421681
08471	0.000444974
08512	4.96979e-05
08539	0.000478458
0853A	0.00049615
08558	0.000137148
08580	0.00126451
08594	0.00423022
08676	0.00106758
08686	6.21567e-05
08687	0.00021098
08712	0.00143967
08780	0.00120529
08826	0.00192708
08828	0.000234142
08846	0.000166351
08848	0.00162416
08854	0.00196648
08858	0.000107295
08860	7.92977e-06
08879	0.000183148
08888	0.000522765
08890	5.88139e-05
08892	0.000574747
08964	0.00886438
09010	0.00015688
09021	0.000185265
09033	0.00148705
09055	0.000691719
09072	0.000422826
09085	0.000402258
09182	1.53595e-05
0918A	2.7293e-05
09215	0.00176701
09217	0.000267177
09225	0.000145717
09226	0.000986725
09232	0.00138064
09237	2.84121e-05
09263	0.000161641
09265	0.00147115
09268	0.00170751
09278	0.000305364
09283	0.000109703
09284	0.000536864
09302	8.81907e-05
09313	0.000538663
09323	0.003002
09335	0.00230287
09345	9.169e-05
09350	0.000328858
09357	0.00493856
09370	6.48564e-05
09417	0.0010509
09444	0.000280359
09486	0.00484091
09503	0.00660739
09534	0.0155092
09545	0.00186059
09547	3.83845e-05
09574	0.000845007
09581	0.000342866
09595	0.000482312
09597	0.000106935
09599	0.000762505
09629	0.00101073
09693	0.00105716
09710	0.000183488
09730	0.000266759
09738	0.00360048
09766	2.29276e-05
09788	0.000643919
09803	0.00015242
09829	0.000999394
09837	0.000715517
09838	0.000122285
0987A	6.30226e-05
09881	0.000401658
09883	0.00476322
09896	0.00137635
09918	0.000258098
09932	0.000574229
09982	5.45095e-05
