# format = weight
# date = 20200131
01346	0.000300185
01361	0.00219023
01362	0.00309896
0137A	0.000596705
01384	0.000405595
01454	0.00045377
01484	0.000138213
01488	0.000635436
01489	0.000975165
0148A	0.0023729
01492	5.45061e-05
01514	0.00060861
01515	3.24273e-05
01555	0.000197027
01572	0.00215252
01587	0.000680195
01607	0.000156159
01659	0.00214951
01678	0.00103252
01682	0.00252518
01729	0.000100311
01763	0.000242205
01780	2.50557e-05
01783	0.0250695
01821	0.000106878
01846	0.000322244
01855	3.16339e-05
01875	0.00166442
01876	0.000143487
01926	0.00076268
01953	0.000320879
01961	0.000845052
01995	0.0100064
01999	0.000406433
02007	0.00140484
02022	0.000266166
02025	0.000311395
02029	0.000272792
02047	0.00260504
02048	0.000243798
02051	4.49108e-05
02066	0.00169026
02071	0.000329177
02092	0.000193751
02098	2.92885e-05
02103	0.00172987
02104	0.00263091
02167	1.70151e-05
02185	0.000885345
0219A	0.000538219
02209	0.000472893
02210	0.000378999
02216	0.000855049
02244	0.000302529
02281	9.14767e-05
02282	0.000429185
02284	0.000359084
02300	0.00172075
02340	6.04477e-05
02343	0.00017849
02344	0.00138721
02345	0.00432323
02359	9.07093e-05
02364	0.000273205
02365	5.96404e-05
02425	0.00245447
02432	0.000104967
02449	0.000195686
02452	0.000191695
02473	0.000397453
02482	8.26256e-05
02494	0.000644467
02505	0.000648516
02511	0.00015749
02527	0.000693852
02544	6.00634e-05
02562	4.51913e-05
02565	0.000125846
02571	0.00205899
02572	0.000494401
02605	0.0053883
02618	6.63678e-05
02638	0.000263928
02649	0.000287044
02654	0.000574552
02681	0.000115068
02684	0.000138458
02694	0.000335353
02730	0.000408362
02732	0.00178287
02768	0.000156201
02787	0.000577729
02802	0.000283404
02826	0.000942476
02831	0.00017209
0283A	0.000783879
02859	0.000770091
02876	0.00165731
02891	0.000829737
02938	0.000134878
02944	0.00140731
02962	0.00675175
0296A	0.0040489
02973	1.7034e-05
02988	0.000205787
02989	0.000691275
03007	0.000121759
03015	0.000432021
03073	0.00675808
03195	5.28042e-05
03234	0.000183305
03244	0.00104128
03268	0.00458097
03281	0.000922889
03284	0.000393796
03302	0.0218234
03323	4.57265e-05
03342	0.00155209
03349	0.0002066
03356	0.000129112
03357	0.00167613
03438	0.00203339
03455	0.000986826
03476	0.00123608
03495	0.000153637
03531	0.000119864
03546	0.000268355
03558	0.000234202
0355A	0.000226537
03569	0.000631315
03581	0.000780034
03585	0.000209948
03617	5.60315e-05
03619	0.000207235
03628	0.000519768
03669	0.000249695
03690	0.00381677
03696	7.59146e-05
03729	0.000376854
03754	0.000646978
03755	6.60033e-05
03762	0.00683776
03764	0.000748924
03773	0.00028136
03797	0.00153844
03805	0.00274349
03809	0.000222631
03832	0.000135334
03846	0.000886905
03853	0.00192879
03864	0.00198729
03877	0.000331477
03880	4.6831e-05
03920	0.000262639
03944	0.00442804
03961	0.000209422
03967	0.000267951
03981	0.0011258
03982	0.000852665
03983	0.000818968
03988	7.90313e-05
04006	7.79863e-05
04007	0.000147223
04031	0.000381456
0404A	0.000399545
04055	6.20929e-05
04058	0.0152961
04062	5.13459e-05
04071	0.00122093
04090	0.00292684
04119	0.000262463
04149	0.000125701
04170	0.00019809
04177	0.00816633
04194	0.000511863
0419A	0.000327043
04209	0.000350313
0423A	5.68487e-05
04308	0.000307765
04319	0.000368063
04333	0.000169882
04347	0.000111056
04392	0.0007883
04426	0.0002994
04474	0.00246601
04482	1.16801e-05
04524	0.000289089
04529	0.000142938
04549	0.0010196
04662	0.00377298
04666	4.16276e-05
04689	0.000218985
04703	9.43402e-05
04713	0.00129915
0471A	0.000905684
04762	0.000230949
04779	6.54282e-05
04784	0.00156173
04818	0.000292565
04854	0.0101942
04863	0.00712363
04873	2.0727e-05
04885	0.000277016
04894	4.62516e-05
04897	0.00442248
04907	0.00427518
04911	0.000456022
04913	0.00165196
04918	0.00203278
04922	0.000836066
04940	0.00138117
04966	0.0168569
04971	0.000447184
04987	0.000115847
04994	0.00041674
04998	0.000355586
05005	0.00127909
05008	0.0115776
05011	0.000771377
05012	0.00495776
05020	2.63547e-05
05027	0.0017977
05045	0.000337679
05049	0.000958712
05078	0.00364344
05092	0.00355466
05102	0.000258144
05108	0.00257986
05115	0.000798405
05131	0.00038674
05145	0.00114347
05168	8.14284e-05
05180	7.54694e-06
05183	0.00171222
05198	0.0072072
05215	0.000387066
05222	3.85578e-05
05244	0.000356341
05282	0.00207249
05284	0.000162126
05285	0.00120452
05316	0.000197031
05349	0.00168209
05369	2.83096e-05
05373	0.00750802
05388	0.000461392
05407	0.000187562
05416	0.00167018
05417	0.000533945
05423	0.000305226
05429	0.000208374
05435	0.00136912
05463	0.000864311
05476	0.000373375
05481	0.012817
05484	0.000179315
0554A	0.000793838
05556	8.3071e-05
05569	0.000227091
05579	2.60882e-05
05581	3.22071e-05
05654	0.000838668
05677	0.00292391
05681	0.00164874
05702	6.93433e-05
0572A	0.00147678
05744	0.000260556
05764	1.99785e-05
05769	0.000383995
05773	0.0014586
05816	0.000173027
05821	0.00237723
05855	0.000140285
05859	0.000281027
05866	7.61103e-05
05873	0.00236
05874	0.000201476
05881	0.00175142
05886	0.00109969
05910	0.000353901
05915	3.38817e-05
05920	1.01581e-05
05957	0.00214953
05960	0.000872741
05964	9.11309e-05
05969	0.00074062
05978	0.000480945
05988	0.000139372
06039	2.42936e-05
06106	0.00163102
06154	0.000275839
06172	3.80338e-05
06224	0.00603013
06257	0.000300663
06263	0.000528902
06264	0.00183422
06277	0.00135775
06297	0.0007388
06347	0.0042183
06402	0.000264705
06418	0.00264649
06423	7.69481e-05
06435	0.000231678
06454	0.00077123
06466	0.0008329
06477	0.000671599
06494	0.0040829
06536	8.78809e-05
06538	8.97945e-05
06544	0.000392106
06559	0.000171415
06562	0.000283808
06616	0.000866947
06671	0.000433953
06694	0.000501423
0671A	0.00271959
06735	6.0413e-05
06737	0.00234365
06751	0.00126145
06770	0.00408176
06777	0.000635973
06792	0.00100351
06801	0.00182302
06808	0.00224034
06837	0.000290136
06842	0.000644846
06862	0.0028641
06882	0.000291229
06886	0.000435027
06908	0.000806062
06914	0.000442709
06918	0.000115221
06925	0.0299547
06939	0.00113165
06967	0.00219076
06976	0.000299845
06977	0.000141066
06981	0.000465927
07005	9.64336e-05
07017	0.00266876
07045	0.00558038
07079	0.183305
07081	7.77648e-05
07103	0.00289588
07136	0.00053426
07173	3.35356e-05
07230	0.00014759
07249	0.000507295
07272	0.00364296
07283	0.00552027
07290	6.06385e-05
07311	0.000555651
07321	0.000187046
07379	0.000199629
07393	0.00508716
07429	0.00590365
07433	0.00361924
07440	0.000336633
07461	0.0225879
07486	0.00312825
07490	0.000157833
07508	0.000497699
07558	0.0107138
07585	0.000295401
07602	0.000526761
07609	0.00639242
07636	4.2334e-05
07637	0.0305362
07642	0.0199038
07645	0.000282452
07647	0.00121567
07655	0.00744828
07658	0.00112187
07665	0.000102584
07685	0.00396324
07694	0.000202428
07697	0.000736597
07719	0.00051841
07726	0.00066169
07772	0.00102253
07786	0.000651307
07788	0.000614644
07845	2.11792e-05
07853	0.000969392
07861	0.000331127
07872	0.00199006
07874	0.000983577
07884	0.000252089
07886	0.000315002
07908	0.000663406
07918	0.000229192
07924	0.0010852
07949	0.000812197
08003	0.00119598
08049	6.75924e-05
08051	0.00346333
08092	0.00029013
08093	0.0017813
08130	0.000396917
08132	0.00118867
08134	0.000407564
08145	0.0255901
08155	0.0002181
08173	0.00034528
08178	0.00168839
08210	0.000157942
08212	0.000262564
08258	0.00108341
08263	0.00749644
08276	0.000173285
08300	0.000736571
08314	0.00322621
08349	0.000372709
08353	4.82234e-05
08363	0.000501472
08370	0.00100151
08376	0.00076031
08427	0.000136584
08434	0.0206724
08451	0.000814871
08453	0.000433333
08471	0.00045727
08482	0.000355877
08499	0.00062809
08512	5.10711e-05
08539	0.000491679
0853A	0.00050986
08558	0.000140938
08580	0.00129945
08594	0.00434711
08676	0.00109708
08686	6.38742e-05
08712	0.00147945
08747	0.000605475
08772	0.000129541
08773	0.000234632
08826	0.00198033
08828	0.000240612
08846	0.000170948
08848	0.00166904
08854	0.00202081
08858	0.00011026
08860	8.14889e-06
08879	0.000188209
08888	0.000537211
08890	6.0439e-05
08913	0.0015036
08964	0.00910932
09010	0.000161214
09021	0.000190384
09072	0.00043451
09182	1.57839e-05
09215	0.00181584
09220	8.77282e-05
09225	0.000149744
09232	0.00141879
09237	2.91972e-05
09263	0.000166108
09268	0.00175469
09283	0.000112735
09284	0.000551699
09302	9.06276e-05
09313	0.000553547
09323	0.00308495
09335	0.0023665
09345	9.42237e-05
09350	0.000337945
09357	0.00507502
09360	0.00212007
09370	6.66485e-05
09417	0.00107994
09479	0.00017164
09486	0.00497467
09503	0.00678997
09514	5.13001e-05
09529	0.00203504
09534	0.0159377
09545	0.001912
09547	3.94452e-05
09574	0.000868357
09581	0.00035234
09582	4.58416e-05
09595	0.00049564
09597	0.00010989
09658	9.84217e-05
09693	0.00108638
09710	0.000188558
09730	0.00027413
09738	0.00369997
09766	2.35612e-05
09788	0.000661712
09789	9.04078e-05
09803	0.000156632
09829	0.00102701
09837	0.000735288
09838	0.000125664
0987A	6.47641e-05
09883	0.00489484
09886	0.000156813
09896	0.00141438
09906	0.000344837
09918	0.00026523
09932	0.000590096
09934	0.000287596
09951	0.000696638
09982	5.60157e-05
09986	9.11015e-05
