# format = weight
# date = 20211029
01346	0.000310604
01356	0.000221183
01361	0.00226624
01362	0.00320652
0137A	0.000617415
01384	0.000419673
01419	0.000315974
01482	0.000898027
01484	0.00014301
01489	0.00100901
01492	5.63978e-05
01514	0.000629734
01515	3.35527e-05
01555	0.000203866
01572	0.00222723
01607	0.000161579
01616	0.000633445
01649	0.000464999
01659	0.00222411
01678	0.00106836
01681	0.000566488
01682	0.00261283
01729	0.000103793
01763	0.000250611
01780	2.59253e-05
01783	0.0259396
01821	0.000110587
01846	0.000333429
01855	3.27318e-05
01875	0.00172219
01876	0.000148468
01926	0.000789151
01961	0.000874382
01993	0.000227593
01999	0.00042054
02007	0.00145359
02022	0.000275404
02025	0.000322202
02029	0.00028226
02047	0.00269545
02048	0.00025226
02051	4.64695e-05
02066	0.00174893
02092	0.000200476
02098	3.0305e-05
02104	0.00272222
02180	0.000302441
02185	0.000916073
02209	0.000489306
02210	0.000392153
02216	0.000884725
02239	0.0029345
02281	9.46517e-05
02282	0.000444081
02284	0.000371546
02300	0.00178048
02303	0.00198897
02325	6.87879e-05
02340	6.25457e-05
02343	0.000184685
02345	0.00447328
02364	0.000282687
02365	6.17104e-05
02421	0.000237798
02425	0.00253966
02432	0.00010861
02449	0.000202478
02452	0.000198348
02473	0.000411248
02482	8.54933e-05
02505	0.000671024
02511	0.000162957
02544	6.21481e-05
02562	4.67597e-05
02565	0.000130214
02571	0.00213045
02572	0.000511561
02585	0.00122291
02605	0.00557531
02618	6.86712e-05
02630	0.000526856
02638	0.000273088
02654	0.000594494
02681	0.000119061
02684	0.000143263
02694	0.000346992
02732	0.00184475
02768	0.000161623
02776	0.000742834
02787	0.000597781
02802	0.00029324
02813	0.0105864
02826	0.000975187
02831	0.000178063
02852	0.000940374
02859	0.000796819
02876	0.00171483
02938	0.00013956
02962	0.00698609
0296A	0.00418943
02973	1.76252e-05
02988	0.000212929
03007	0.000125985
03015	0.000447015
03073	0.00699264
03152	0.00564746
03160	0.000273927
03195	5.4637e-05
03234	0.000189667
03244	0.00107742
03259	0.00477236
03268	0.00473996
03281	0.000954921
03284	0.000407463
03297	0.000453149
03302	0.0225809
03323	4.73135e-05
03349	0.00021377
03356	0.000133593
03357	0.0017343
03438	0.00210396
03455	0.00102108
03467	0.000465803
03495	0.00015897
03514	0.0011062
03531	0.000124024
03546	0.000277669
03558	0.00024233
03569	0.000653226
03581	0.000807107
03585	0.000217235
03619	0.000214427
03664	0.000610713
03669	0.000258361
03672	0.000635194
03683	0.00347845
03690	0.00394924
03696	7.85495e-05
03729	0.000389933
03754	0.000669433
03755	6.82941e-05
03762	0.00707509
03773	0.000291126
03776	0.00409064
03797	0.00159183
03805	0.00283871
03809	0.000230358
03815	0.00235862
03832	0.000140031
03846	0.000917688
03853	0.00199573
03864	0.00205627
03877	0.000342982
03880	4.84564e-05
03920	0.000271755
03944	0.00458172
03961	0.00021669
03962	0.000900189
03967	0.000277251
03988	8.17743e-05
04006	8.06931e-05
04007	0.000152333
04031	0.000394695
0404A	0.000413413
04055	6.4248e-05
04058	0.015827
04071	0.00126331
04090	0.00302842
04119	0.000271572
04149	0.000130064
04170	0.000204965
04177	0.00844977
04194	0.000529629
04209	0.000362472
04274	0.00388665
04308	0.000318447
04319	0.000380837
04333	0.000175778
04347	0.000114911
04362	3.82179e-05
04392	0.00081566
04426	0.000309792
04435	0.000130794
04474	0.0025516
04482	1.20855e-05
04524	0.000299123
04549	0.00105499
04578	0.000364891
04662	0.00390393
04676	0.000249335
04689	0.000226585
04703	9.76145e-05
0471A	0.000937118
04762	0.000238965
04779	6.7699e-05
04784	0.00161594
04810	0.000636478
04818	0.000302719
04854	0.010548
04863	0.00737087
04865	0.000790624
04873	2.14464e-05
04897	0.00457598
04907	0.00442356
04911	0.000471849
04918	0.00210333
04922	0.000865084
04940	0.00142911
04971	0.000462704
04987	0.000119868
04994	0.000431204
04998	0.000367928
05005	0.00132349
05011	0.00079815
05012	0.00512983
05020	2.72694e-05
05027	0.0018601
05045	0.000349399
05078	0.0037699
05102	0.000267104
05108	0.0026694
05115	0.000826116
05131	0.000400163
05145	0.00118316
05168	8.42546e-05
05180	7.80888e-06
05183	0.00177165
05189	0.000223621
05198	0.00745735
05215	0.0004005
05222	3.9896e-05
05282	0.00214442
05284	0.000167753
05349	0.00174047
05369	2.92922e-05
05373	0.00776861
05407	0.000194072
05417	0.000552477
05420	0.00030247
05423	0.00031582
05429	0.000215607
05435	0.00141664
05458	0.00209245
05463	0.000894309
05476	0.000386334
05484	0.000185539
0554A	0.000821391
05556	8.59542e-05
05579	2.69937e-05
05580	0.00236925
05581	3.33249e-05
05624	3.82544e-05
05654	0.000867776
05659	0.00500981
05677	0.0030254
05681	0.00170596
05702	7.17501e-05
0572A	0.00152804
05744	0.000269599
05764	2.06719e-05
05769	0.000397322
05773	0.00150923
05816	0.000179032
05821	0.00245974
0583A	0.000947854
05859	0.000290781
05866	7.87519e-05
05868	0.000860976
05874	0.000208468
05881	0.00181221
05910	0.000366184
05915	3.50577e-05
05920	1.05107e-05
05928	0.000816175
05957	0.00222413
05969	0.000766325
05978	0.000497638
05984	0.00302181
05988	0.000144209
06039	2.51368e-05
06061	0.00477213
06106	0.00168763
06135	0.00047338
06154	0.000285413
06172	3.93539e-05
06184	0.000347627
06257	0.000311099
06263	0.000547259
06264	0.00189788
0626A	3.45003e-05
06277	0.00140488
06297	0.000764442
06347	0.00436471
06402	0.000273892
06418	0.00273834
06435	0.000239719
06437	0.00275524
06454	0.000797997
06466	0.000861808
06477	0.000694908
06489	0.00126817
06494	0.00422461
06517	0.00133282
06533	0.00108192
06538	9.29111e-05
06544	0.000405715
06562	0.000293658
06616	0.000897037
06671	0.000449015
06694	0.000518826
06735	6.25098e-05
06737	0.00242499
0673A	0.000304376
06751	0.00130523
06770	0.00422343
06777	0.000658046
06792	0.00103834
06801	0.0018863
06832	0.0186374
06837	0.000300206
06842	0.000667227
06862	0.0029635
06886	0.000450125
06908	0.000834038
06914	0.000458075
06918	0.00011922
06920	0.000830415
06925	0.0309944
06967	0.00226679
06976	0.000310252
06977	0.000145962
06981	0.000482098
07005	9.97806e-05
07017	0.00276139
07079	0.189667
07081	8.04638e-05
07084	0.000779264
07103	0.00299639
07123	7.34971e-05
07136	0.000552803
07173	3.46995e-05
07201	6.17517e-05
07230	0.000152712
07249	0.000524902
07272	0.00376939
07283	0.00571187
07290	6.27431e-05
07311	0.000574936
07321	0.000193538
07379	0.000206558
07393	0.00526372
07416	0.00132387
07429	0.00610855
07433	0.00374486
07440	0.000348317
07441	0.000393855
07461	0.0233719
07486	0.00323682
07490	0.000163311
07508	0.000514973
07558	0.0110857
07585	0.000305654
07602	0.000545044
07609	0.00661428
07619	0.000287934
07636	4.38033e-05
07642	0.0205946
07645	0.000292255
07655	0.0077068
07658	0.00116081
07663	6.54994e-05
07665	0.000106145
07685	0.00410079
07694	0.000209454
07697	0.000762162
07719	0.000536402
07726	0.000684656
07739	0.0129015
07772	0.00105802
07786	0.000673913
07788	0.000635977
07816	0.00183271
07845	2.19142e-05
07853	0.00100304
07861	0.00034262
07872	0.00205913
07884	0.000260838
07886	0.000325935
07908	0.000686431
07924	0.00112287
08003	0.00123749
08044	0.000111252
08045	0.00188526
08049	6.99383e-05
08051	0.00358353
08092	0.0003002
08130	0.000410693
08132	0.00122993
08133	0.00146317
08134	0.00042171
08145	0.0264782
08155	0.00022567
08210	0.000163424
08212	0.000271677
08258	0.00112101
08276	0.0001793
08300	0.000762136
08314	0.00333819
08349	0.000385645
08353	4.98971e-05
08363	0.000518877
08370	0.00103628
08376	0.000786698
08427	0.000141325
08434	0.0213899
08451	0.000843153
08453	0.000448373
08471	0.000473141
08482	0.000368229
08512	5.28437e-05
0853A	0.000527556
08558	0.00014583
08580	0.00134455
08594	0.00449799
08676	0.00113515
08686	6.60911e-05
08687	0.000224335
08712	0.0015308
08747	0.00062649
08772	0.000134037
08773	0.000242776
08780	0.00128158
08826	0.00204906
08828	0.000248963
08846	0.000176881
08848	0.00172697
08854	0.00209095
08858	0.000114086
08860	8.43171e-06
08879	0.000194741
08890	6.25367e-05
08892	0.000611128
08913	0.00155578
08964	0.00942548
09010	0.00016681
09021	0.000196992
09033	0.00158118
09072	0.000449591
09085	0.000427721
09182	1.63317e-05
0918A	2.90207e-05
09215	0.00187887
09217	0.000284089
09220	9.0773e-05
09225	0.000154941
09226	0.00104918
09232	0.00146803
09237	3.02105e-05
09263	0.000171873
09265	0.00156427
09268	0.00181559
09278	0.000324693
09283	0.000116647
09284	0.000570847
09302	9.37731e-05
09313	0.00057276
09323	0.00319202
09335	0.00244864
09345	9.74939e-05
09350	0.000349674
09357	0.00525116
09360	0.00219366
09370	6.89617e-05
09486	0.00514733
09503	0.00702563
09514	5.30806e-05
09529	0.00210567
09534	0.0164909
09574	0.000898495
09581	0.000364569
09582	4.74327e-05
09595	0.000512842
09597	0.000113704
09658	0.000101838
09693	0.00112408
09710	0.000195102
09730	0.000283645
09738	0.00382838
09766	2.43789e-05
09788	0.000684678
09789	9.35457e-05
09803	0.000162068
09837	0.000760809
09838	0.000130026
0987A	6.70119e-05
09881	0.000427083
09883	0.00506473
09886	0.000162256
09896	0.00146347
09906	0.000356805
09918	0.000274435
09932	0.000610577
09934	0.000297578
09951	0.000720817
09986	9.42634e-05
