# format = weight
# date = 20211231
01346	0.000292656
01356	0.000208402
01361	0.00213529
01362	0.00302123
0137A	0.000581738
01384	0.000395422
01419	0.000297716
01482	0.000846135
01484	0.000134746
0148A	0.00231339
01492	5.3139e-05
01514	0.000593345
01515	3.16139e-05
01555	0.000192086
01572	0.00209853
01587	0.000663135
01607	0.000152243
01616	0.000596842
01649	0.00043813
01678	0.00100663
01681	0.000533754
01682	0.00246185
01729	9.77952e-05
01763	0.00023613
01780	2.44273e-05
01783	0.0244407
01821	0.000104197
01846	0.000314162
01855	3.08405e-05
01875	0.00162268
01876	0.000139889
01926	0.000743551
01953	0.000312831
01961	0.000823856
01993	0.000214442
01995	0.00975547
02007	0.0013696
02047	0.0025397
02048	0.000237683
02051	4.37843e-05
02066	0.00164787
02071	0.000320921
02092	0.000188892
02098	2.85539e-05
02103	0.00168649
02104	0.00256492
02180	0.000284965
02185	0.000863139
02210	0.000369493
02216	0.000833603
02239	0.00276493
02244	0.000294941
02284	0.000350077
02300	0.00167759
02303	0.00187404
02325	6.48131e-05
02340	5.89315e-05
02343	0.000174014
02344	0.00135241
02345	0.0042148
02364	0.000266353
02365	5.81445e-05
02421	0.000224057
02425	0.00239291
02432	0.000102334
02449	0.000190778
02452	0.000186887
02473	0.000387485
02494	0.000628302
02505	0.00063225
02511	0.00015354
02527	0.000676449
02544	5.85569e-05
02562	4.40578e-05
02563	0.00255534
02571	0.00200735
02572	0.000482001
02605	0.00525315
02618	6.47032e-05
02630	0.000496413
02638	0.000257308
02654	0.000560142
02681	0.000112181
02684	0.000134985
02694	0.000326942
02725	9.54964e-05
02768	0.000152284
02776	0.00069991
02787	0.000563239
02802	0.000276295
02813	0.00997471
02831	0.000167774
0283A	0.000764218
02852	0.000886036
02859	0.000750776
02891	0.000808925
02938	0.000131495
02962	0.00658241
0296A	0.00394735
02973	1.66068e-05
02988	0.000200625
02989	0.000673937
03007	0.000118705
03015	0.000421185
03073	0.00658858
03152	0.00532113
03160	0.000258099
03195	5.14798e-05
03244	0.00101516
03259	0.0044966
03268	0.00446607
03281	0.000899742
03284	0.000383919
03302	0.021276
03323	4.45796e-05
03357	0.00163409
03455	0.000962075
03467	0.000438887
03476	0.00120507
03495	0.000149784
03514	0.00104228
03531	0.000116857
03546	0.000261624
03558	0.000228328
0355A	0.000220855
03569	0.00061548
03581	0.000760469
03585	0.000204682
03617	5.46261e-05
03619	0.000202037
03628	0.000506732
03664	0.000575424
03669	0.000243432
03672	0.000598491
03683	0.00327745
03690	0.00372104
03696	7.40106e-05
03729	0.000367401
03762	0.00666626
03764	0.00073014
03776	0.00385427
03797	0.00149985
03805	0.00267468
03809	0.000217047
03815	0.00222233
03832	0.00013194
03846	0.00086466
03853	0.00188041
03864	0.00193745
03880	4.56564e-05
03920	0.000256052
03944	0.00431697
03961	0.000204169
03967	0.00026123
03981	0.00109756
03982	0.000831279
03983	0.000798427
03988	7.7049e-05
04007	0.00014353
04031	0.000371888
0404A	0.000389524
04055	6.05355e-05
04062	5.00581e-05
04071	0.00119031
04090	0.00285343
04119	0.00025588
04149	0.000122548
04170	0.000193121
04177	0.00796151
0419A	0.00031884
04209	0.000341527
0423A	5.54229e-05
04274	0.00366206
04300	0.000262379
04308	0.000300046
04319	0.000358831
04347	0.000108271
04362	3.60095e-05
04392	0.000768528
04426	0.000291891
04465	0.00233209
04474	0.00240416
04482	1.13872e-05
04524	0.000281838
04549	0.000994028
04578	0.000343807
04662	0.00367834
04666	4.05835e-05
0467A	3.25108e-05
04689	0.000213492
04703	9.1974e-05
04713	0.00126656
04762	0.000225157
04779	6.37871e-05
04784	0.00152256
04810	0.0005997
04818	0.000285227
04854	0.0099385
04863	0.00694496
04873	2.02071e-05
04885	0.000270068
04894	4.50915e-05
04897	0.00431156
04907	0.00416795
04911	0.000444584
04913	0.00161053
04918	0.00198179
04922	0.000815096
04940	0.00134653
04966	0.0164341
04971	0.000435967
04987	0.000112942
04994	0.000406287
04998	0.000346668
05005	0.00124701
05008	0.0112872
05011	0.00075203
05012	0.00483341
05020	2.56937e-05
05045	0.00032921
05049	0.000934666
05078	0.00355206
05102	0.00025167
05108	0.00251515
05115	0.00077838
05131	0.00037704
05145	0.00111479
05168	7.93861e-05
05180	7.35765e-06
05183	0.00166928
05189	0.0002107
05198	0.00702644
05215	0.000377358
05222	3.75907e-05
05282	0.00202051
05285	0.00117431
05316	0.000192089
05349	0.0016399
05369	2.75996e-05
05373	0.00731971
05407	0.000182858
05416	0.00162829
05417	0.000520553
05420	0.000284992
05423	0.00029757
05429	0.000203148
05435	0.00133478
05458	0.00197154
05463	0.000842632
05476	0.00036401
05481	0.0124955
05484	0.000174818
0554A	0.000773928
05556	8.09874e-05
05569	0.000221396
05580	0.00223234
05581	3.13993e-05
05624	3.60439e-05
05654	0.000817633
05659	0.00472033
05677	0.00285058
05681	0.00160739
05702	6.76041e-05
0572A	0.00143974
05744	0.000254021
05764	1.94774e-05
05769	0.000374364
05773	0.00142202
05816	0.000168687
05821	0.00231761
0583A	0.000893083
05855	0.000136767
05859	0.000273978
05866	7.42013e-05
05873	0.0023008
05874	0.000196422
05881	0.0017075
05886	0.00107211
05915	3.30319e-05
05960	0.000850851
05969	0.000722044
05978	0.000468882
05984	0.00284719
05988	0.000135876
06039	2.36843e-05
06061	0.00449638
06106	0.00159011
06154	0.00026892
06172	3.70799e-05
06184	0.000327539
06224	0.00587889
06263	0.000515636
06264	0.00178821
0626A	3.25067e-05
06277	0.0013237
06297	0.00072027
06347	0.0041125
06402	0.000258066
06418	0.00258011
06423	7.50181e-05
06435	0.000225867
06437	0.00259603
06466	0.00081201
06477	0.000654754
06489	0.00119489
06494	0.00398049
06517	0.0012558
06533	0.00101941
06536	8.56767e-05
06538	8.75423e-05
06544	0.000382272
06559	0.000167115
06616	0.000845203
06671	0.000423069
06694	0.000488847
06735	5.88977e-05
06737	0.00228487
0673A	0.000286788
06770	0.00397938
06777	0.000620022
06792	0.000978337
06801	0.0017773
06808	0.00218415
06832	0.0175604
06837	0.000282859
06842	0.000628672
06862	0.00279226
06886	0.000424115
06908	0.000785844
06914	0.000431606
06918	0.000112331
06925	0.0292034
06976	0.000292325
06977	0.000137528
06981	0.00045424
07005	9.40149e-05
07017	0.00260183
07045	0.00544042
07079	0.178707
07081	7.58143e-05
07084	0.000734235
07103	0.00282325
07123	6.92501e-05
07136	0.00052086
07173	3.26945e-05
07201	5.81834e-05
07230	0.000143888
07249	0.000494571
07272	0.00355158
07283	0.00538182
07290	5.91176e-05
07321	0.000182355
07379	0.000194622
07393	0.00495957
07416	0.00124737
07429	0.00575558
07433	0.00352847
07441	0.000371097
07461	0.0220213
07486	0.00304978
07490	0.000153875
07506	0.00245841
07508	0.000485216
07558	0.0104451
07585	0.000287992
07602	0.000513549
07609	0.00623208
07619	0.000271296
07636	4.12722e-05
07637	0.0297703
07645	0.000275367
07647	0.00118518
07655	0.00726147
07658	0.00109373
07663	6.17146e-05
07665	0.000100011
07685	0.00386383
07694	0.000197351
07697	0.000718122
07719	0.000505407
07739	0.012156
07772	0.000996884
07786	0.000634972
07790	0.000472421
07853	0.000945078
07861	0.000322822
07872	0.00194014
07874	0.000958907
07884	0.000245766
07886	0.000307101
07918	0.000223444
07924	0.00105798
07949	0.000791826
08003	0.00116599
08044	0.000104823
08045	0.00177632
08049	6.5897e-05
08093	0.00173662
08132	0.00115886
08133	0.00137862
08134	0.000397342
08145	0.0249482
08155	0.000212629
08173	0.00033662
08210	0.00015398
08212	0.000255978
08263	0.00730842
08276	0.000168939
08314	0.00314529
08349	0.000363361
08353	4.70139e-05
08363	0.000488894
08370	0.000976395
08376	0.00074124
08427	0.000133159
08434	0.0201539
08453	0.000422464
08471	0.000445801
08499	0.000612337
08512	4.97902e-05
08539	0.000479347
0853A	0.000497072
08558	0.000137403
08580	0.00126686
08676	0.00106956
08686	6.22721e-05
08687	0.000211372
08712	0.00144234
08747	0.000590289
08772	0.000126292
08773	0.000228747
08780	0.00120753
08826	0.00193066
08828	0.000234577
08846	0.00016666
08848	0.00162718
08854	0.00197013
08858	0.000107494
08860	7.9445e-06
08879	0.000183488
08888	0.000523737
08890	5.89231e-05
08892	0.000575814
08913	0.00146589
08964	0.00888084
09010	0.000157171
09021	0.000185609
09033	0.00148981
09055	0.000693004
09072	0.000423612
09085	0.000403005
09182	1.5388e-05
0918A	2.73437e-05
09215	0.0017703
09217	0.000267674
09220	8.55278e-05
09221	4.0364e-05
09225	0.000145988
09226	0.000988558
09237	2.84648e-05
09263	0.000161941
09265	0.00147388
09268	0.00171068
09278	0.000305931
09284	0.000537861
09302	8.83545e-05
09313	0.000539663
09323	0.00300757
09335	0.00230715
09345	9.18604e-05
09350	0.000329469
09357	0.00494773
09370	6.49768e-05
09417	0.00105285
09444	0.00028088
09479	0.000167335
09486	0.0048499
09503	0.00661967
09514	5.00135e-05
09529	0.00198399
09534	0.015538
09547	3.84558e-05
09574	0.000846577
09581	0.000343503
09582	4.46919e-05
09629	0.00101261
09658	9.59531e-05
09693	0.00105913
09710	0.000183829
09730	0.000267255
09738	0.00360717
09766	2.29702e-05
09788	0.000645115
09789	8.81403e-05
09803	0.000152703
09837	0.000716846
0987A	6.31397e-05
09881	0.000402404
09886	0.00015288
09896	0.0013789
09906	0.000336188
09918	0.000258577
09932	0.000575296
09934	0.000280383
09951	0.000679165
09982	5.46108e-05
09986	8.88165e-05
