# format = weight
# date = 20210930
01346	0.000350929
0137A	0.000697574
01419	0.000356997
01464	0.000266038
01482	0.00101462
01484	0.000161577
01488	0.000742853
01489	0.00114001
0148A	0.00277403
01492	6.372e-05
01514	0.000711492
01515	3.79089e-05
01572	0.00251639
01616	0.000715685
01649	0.00052537
01659	0.00251287
01678	0.00120707
01681	0.000640035
01682	0.00295205
01729	0.000117268
01763	0.000283148
01783	0.0293073
01821	0.000124945
01846	0.000376718
01855	3.69814e-05
01875	0.00194578
01876	0.000167743
01926	0.000891607
01961	0.000987903
01993	0.000257141
01995	0.011698
01999	0.000475138
02007	0.00164231
02022	0.00031116
02025	0.000364034
02029	0.000318906
02047	0.0030454
02048	0.00028501
02051	5.25027e-05
02066	0.00197599
02071	0.000384823
02098	3.42395e-05
02103	0.0020223
02104	0.00307565
02167	1.98914e-05
02209	0.000552832
02210	0.000443066
02216	0.000999589
02244	0.00035367
02281	0.00010694
02282	0.000501736
02284	0.000419784
02300	0.00201163
02303	0.0022472
02325	7.77187e-05
02340	7.0666e-05
02343	0.000208663
02344	0.00162171
02345	0.00505405
02359	0.000106043
02365	6.97223e-05
02421	0.000268671
02425	0.00286938
02432	0.000122711
02449	0.000228765
02452	0.0002241
02473	0.00046464
02482	9.6593e-05
02494	0.00075341
02527	0.000811144
02544	7.02168e-05
02562	5.28306e-05
02563	0.00306416
02571	0.00240705
02605	0.00629915
02618	7.75868e-05
02630	0.000595258
02638	0.000308544
02649	0.000335567
02654	0.000671677
02681	0.000134519
02684	0.000161863
02694	0.000392043
02725	0.000114512
02730	0.000477393
02732	0.00208426
02768	0.000182606
02776	0.000839276
02787	0.000675391
02802	0.000331311
0283A	0.000916389
02852	0.00106246
02859	0.000900271
02876	0.00193747
02891	0.000969998
02938	0.000157679
02944	0.00164521
02962	0.0078931
0296A	0.00473334
02973	1.99135e-05
02988	0.000240574
02989	0.000808131
03007	0.000142342
03015	0.000505052
03073	0.00790049
03152	0.00638068
03160	0.000309491
03234	0.000214291
03244	0.0012173
03259	0.00539196
03268	0.00535535
03284	0.000460364
03297	0.000511981
03302	0.0255125
03323	5.34562e-05
03342	0.00181446
03349	0.000241524
03356	0.000150937
03357	0.00195946
03438	0.00237712
03455	0.00115364
03467	0.000526278
03476	0.00144503
03495	0.000179609
03514	0.00124982
03531	0.000140126
03546	0.000313719
03558	0.000273792
03569	0.000738034
03581	0.000911894
03585	0.000245439
03617	6.55032e-05
03619	0.000242267
03664	0.000690002
03669	0.000291904
03672	0.000717662
03683	0.00393006
03690	0.00446197
03696	8.87475e-05
03729	0.000440558
03754	0.000756346
03755	7.71608e-05
03762	0.00799364
03773	0.000328922
03776	0.00462173
03797	0.0017985
03805	0.00320726
03809	0.000260265
03815	0.00266484
03832	0.000158212
03846	0.00103683
03853	0.00225484
03864	0.00232323
03920	0.000307036
03962	0.00101706
03981	0.00131611
03982	0.000996803
03988	9.2391e-05
04006	9.11694e-05
04007	0.00017211
04031	0.000445939
0404A	0.000467086
04058	0.0178818
04062	6.00256e-05
04071	0.00142732
04090	0.0034216
04119	0.00030683
04149	0.00014695
04170	0.000231576
04177	0.0095468
0419A	0.000382327
04209	0.000409532
0423A	6.64587e-05
04274	0.00439125
04300	0.000314623
04308	0.000359791
04319	0.000430281
04333	0.000198599
04347	0.00012983
04362	4.31797e-05
04392	0.000921557
04426	0.000350012
04435	0.000147774
04465	0.00279646
04482	1.36546e-05
04524	0.000337958
04529	0.0001671
04549	0.00119196
04666	4.86645e-05
04676	0.000281706
0467A	3.89843e-05
04713	0.00151876
0471A	0.00105878
04762	0.00026999
04779	7.64884e-05
04784	0.00182573
04810	0.000719113
04854	0.0119174
04863	0.00832784
04873	2.42308e-05
04885	0.000323844
04894	5.40701e-05
04897	0.00517007
04907	0.00499787
04911	0.00053311
04918	0.00237641
04922	0.000977398
04940	0.00161465
04966	0.0197064
04971	0.000522777
04994	0.000487187
04998	0.000415696
05005	0.00149532
05008	0.0135347
05011	0.000901774
05012	0.00579584
05020	3.08098e-05
05027	0.00210159
05045	0.000394762
05049	0.00112078
05078	0.00425934
05092	0.00415555
05102	0.000301782
05108	0.00301597
05115	0.000933371
05131	0.000452116
05145	0.00133677
05168	9.51934e-05
05189	0.000252654
05198	0.00842554
05215	0.000452497
05284	0.000189532
05316	0.000230338
05349	0.00196644
05369	3.30952e-05
05373	0.00877721
05388	0.000539387
05407	0.000219269
05416	0.00195251
05417	0.000624205
05420	0.00034174
05423	0.000356822
05429	0.000243599
05458	0.00236412
05463	0.00101042
05476	0.000436492
05481	0.0149836
05484	0.000209628
0554A	0.000928032
05556	9.71136e-05
05580	0.00267685
05581	3.76515e-05
05654	0.00098044
05659	0.00566024
05677	0.00341818
05681	0.00192745
05702	8.10654e-05
0572A	0.00172642
05744	0.000304602
05764	2.33558e-05
05769	0.000448907
05773	0.00170517
05816	0.000202276
05821	0.00277909
0583A	0.00107091
05859	0.000328533
05866	8.89762e-05
05868	0.000972756
05873	0.00275894
05874	0.000235534
05881	0.00204749
05886	0.00128558
05910	0.000413726
05915	3.96092e-05
05920	1.18753e-05
05928	0.000922139
05957	0.00251289
05960	0.00102027
05964	0.000106536
05984	0.00341413
05988	0.000162932
06039	2.84003e-05
06061	0.0053917
06135	0.000534839
06184	0.000392759
06224	0.00704949
06263	0.000618309
06264	0.00214428
0626A	3.89795e-05
06277	0.00158727
06297	0.00086369
06347	0.00493138
06402	0.000309452
06418	0.00309386
06423	8.99557e-05
06435	0.000270842
06437	0.00311295
06454	0.000901601
06466	0.000973697
06477	0.000785128
06489	0.00143281
06494	0.00477309
06517	0.00150586
06533	0.00122239
06536	0.000102737
06538	0.000104974
06559	0.000200391
06562	0.000331784
06616	0.0010135
06671	0.000507311
06694	0.000586186
0671A	0.00317932
06737	0.00273983
0673A	0.000343893
06751	0.00147469
06777	0.00074348
06801	0.00213119
06832	0.021057
06837	0.000339181
06862	0.00334825
06882	0.000340459
06908	0.000942321
06914	0.000517547
06918	0.000134698
06920	0.000938228
06925	0.0350184
06939	0.00132295
06967	0.00256109
06977	0.000164912
06981	0.000544689
07005	0.000112735
07017	0.0031199
07081	9.09104e-05
07103	0.00338541
07201	6.97689e-05
07230	0.000172539
07249	0.00059305
07272	0.00425878
07283	0.00645344
07290	7.08891e-05
07311	0.00064958
07321	0.000218665
07379	0.000233375
07393	0.00594711
07416	0.00149575
07429	0.00690162
07433	0.00423105
07440	0.000393538
07441	0.00044499
07461	0.0264062
07486	0.00365706
07490	0.000184514
07506	0.00294792
07508	0.000581832
07558	0.0125249
07585	0.000345337
07602	0.000615807
07609	0.00747301
07636	4.94903e-05
07637	0.0356982
07642	0.0232684
07645	0.000330198
07647	0.00142117
07655	0.00870737
07658	0.00131151
07665	0.000119926
07685	0.0046332
07694	0.000236647
07697	0.000861114
07719	0.000606043
07726	0.000773545
07739	0.0145765
07772	0.00119538
07786	0.000761407
07788	0.000718546
07790	0.000566489
07816	0.00207065
07845	2.47594e-05
07853	0.00113326
07861	0.000387102
07872	0.00232647
07874	0.00114984
07884	0.000294703
07886	0.000368251
07908	0.000775551
07918	0.000267936
07924	0.00126865
07949	0.000949494
08003	0.00139816
08044	0.000125696
08045	0.00213002
08049	7.90184e-05
08051	0.00404878
08092	0.000339175
08093	0.00208241
08132	0.00138961
08133	0.00165313
08134	0.00047646
08145	0.0299159
08155	0.000254968
08173	0.000403647
08178	0.0019738
08212	0.000306948
08258	0.00126656
08276	0.000202578
08300	0.000861084
08349	0.000435713
08353	5.63753e-05
08363	0.000586242
08370	0.00117081
08376	0.000888835
08427	0.000159673
08434	0.0241669
08451	0.00095262
08482	0.000416036
08499	0.000734265
08512	5.97044e-05
08539	0.000574794
0853A	0.000596048
08558	0.000164763
08580	0.00151911
08594	0.00508196
08676	0.00128253
08686	7.46717e-05
08687	0.00025346
08712	0.00172954
08747	0.000707827
08772	0.000151439
08773	0.000274295
08780	0.00144797
08828	0.000281286
08846	0.000199845
08858	0.000128898
08860	9.5264e-06
08879	0.000220024
08888	0.000628023
08892	0.00069047
08913	0.00175777
08964	0.0106492
09010	0.000188467
09021	0.000222568
09033	0.00178646
09055	0.000830995
09072	0.000507961
09085	0.000483252
09182	1.84521e-05
0918A	3.27884e-05
09215	0.0021228
09220	0.000102558
09221	4.84013e-05
09225	0.000175057
09226	0.0011854
09232	0.00165862
09237	3.41328e-05
09263	0.000194187
09265	0.00176736
09268	0.00205131
09278	0.000366848
09284	0.00064496
09302	0.000105948
09313	0.000647121
09323	0.00360644
09335	0.00276654
09350	0.000395072
09360	0.00247846
09370	7.7915e-05
09417	0.00126249
09444	0.000336808
09479	0.000200655
09486	0.00581561
09503	0.00793777
09514	5.99721e-05
09529	0.00237905
09534	0.0186319
09545	0.00223521
09547	4.61131e-05
09574	0.00101515
09581	0.000411901
09582	5.35909e-05
09595	0.000579425
09599	0.000916033
09629	0.00121424
09693	0.00127002
09710	0.000220433
09738	0.00432542
09766	2.7544e-05
09788	0.00077357
09789	0.000105691
09803	0.00018311
09838	0.000146907
0987A	7.5712e-05
09881	0.000482531
09883	0.00572229
09886	0.000183322
09896	0.00165347
09906	0.000403129
09918	0.000310065
09932	0.000689849
09951	0.0008144
09982	6.54848e-05
09986	0.000106502
