# format = weight
# date = 20210630
01346	0.000303072
01356	0.000215819
01361	0.00221129
01362	0.00312876
0137A	0.000602444
01384	0.000409496
01419	0.000308312
01454	0.000458134
01464	0.000229758
01482	0.000876251
01484	0.000139542
01488	0.000641548
01489	0.000984544
0148A	0.00239572
01515	3.27391e-05
01555	0.000198922
01572	0.00217322
01587	0.000686737
01607	0.000157661
01616	0.000618085
01649	0.000453723
01659	0.00217018
01678	0.00104245
01681	0.000552751
01682	0.00254947
01729	0.000101276
01763	0.000244534
01780	2.52967e-05
01783	0.0253106
01821	0.000107906
01846	0.000325344
01855	3.19381e-05
01875	0.00168043
01926	0.000770015
01953	0.000323965
01961	0.000853179
01993	0.000222074
01995	0.0101027
01999	0.000410342
02007	0.00141835
02022	0.000268726
02025	0.000314389
02029	0.000275416
02048	0.000246143
02051	4.53427e-05
02066	0.00170652
02071	0.000332343
02092	0.000195615
02103	0.00174651
02104	0.00265621
02167	1.71788e-05
02180	0.000295107
02185	0.00089386
0219A	0.000543395
02209	0.000477441
02210	0.000382644
02216	0.000863272
02239	0.00286334
02244	0.000305439
02281	9.23565e-05
02282	0.000433312
02284	0.000362537
02300	0.0017373
02303	0.00194074
02325	6.71199e-05
02340	6.1029e-05
02343	0.000180207
02344	0.00140055
02345	0.00436481
02359	9.15817e-05
02364	0.000275833
02365	6.0214e-05
02421	0.000232032
02425	0.00247808
02432	0.000105976
02449	0.000197568
02452	0.000193539
02473	0.000401276
02482	8.34203e-05
02527	0.000700525
02544	6.06411e-05
02562	4.56259e-05
02563	0.00264629
02565	0.000127057
02571	0.00207879
02572	0.000499156
02618	6.70061e-05
02630	0.000514081
02638	0.000266467
02649	0.000289805
02654	0.000580078
02681	0.000116174
02684	0.000139789
02694	0.000338578
02725	9.88953e-05
02730	0.00041229
02732	0.00180002
02768	0.000157704
02776	0.000724821
02787	0.000583285
02802	0.000286129
02813	0.0103297
02826	0.00095154
02831	0.000173745
0283A	0.000791418
02852	0.000917571
02859	0.000777498
02876	0.00167325
02891	0.000837717
02938	0.000136176
02944	0.00142085
02962	0.00681669
02973	1.71979e-05
02988	0.000207766
03007	0.00012293
03015	0.000436176
03073	0.00682308
03152	0.00551052
03160	0.000267285
03234	0.000185068
03244	0.0010513
03259	0.00465664
03268	0.00462503
03281	0.000931765
03284	0.000397583
03297	0.000442161
03323	4.61662e-05
03342	0.00156702
03349	0.000208587
03357	0.00169225
03438	0.00205294
03455	0.000996317
03467	0.000454508
03495	0.000155115
03514	0.00107937
03531	0.000121016
03546	0.000270936
03558	0.000236454
0355A	0.000228716
03569	0.000637386
03581	0.000787536
03585	0.000211967
03617	5.65703e-05
03628	0.000524767
03664	0.000595904
03669	0.000252096
03690	0.00385348
03696	7.66448e-05
03729	0.000380478
03754	0.0006532
03755	6.66381e-05
03762	0.00690353
03764	0.000756127
03773	0.000284066
03776	0.00399145
03797	0.00155323
03805	0.00276988
03809	0.000224772
03832	0.000136636
03846	0.000895435
03853	0.00194734
03864	0.00200641
03880	4.72814e-05
03920	0.000265165
03944	0.00447062
03961	0.000211436
03962	0.000878361
03967	0.000270528
03981	0.00113663
03982	0.000860865
03983	0.000826844
03988	7.97913e-05
04006	7.87364e-05
04007	0.000148639
0404A	0.000403388
04055	6.26901e-05
04058	0.0154432
04062	5.18397e-05
04090	0.00295499
04119	0.000264987
04170	0.000199995
04177	0.00824487
04194	0.000516786
0419A	0.000330188
04209	0.000353682
04300	0.000271717
04308	0.000310725
04319	0.000371602
04333	0.000171516
04347	0.000112124
04362	3.72912e-05
04392	0.000795881
04426	0.00030228
04435	0.000127622
04465	0.0024151
04474	0.00248972
04482	1.17925e-05
04524	0.000291869
04529	0.000144312
04578	0.000356043
04666	4.2028e-05
04676	0.000243289
0467A	3.36679e-05
04689	0.000221091
04703	9.52475e-05
0471A	0.000914394
04762	0.00023317
04779	6.60574e-05
04784	0.00157675
04810	0.000621045
04818	0.000295379
04854	0.0102922
04865	0.000771453
04873	2.09263e-05
04885	0.00027968
04894	4.66964e-05
04897	0.00446502
04907	0.00431629
04911	0.000460408
04922	0.000844107
04940	0.00139446
04966	0.017019
04971	0.000451484
04987	0.000116961
04994	0.000420748
04998	0.000359006
05005	0.00129139
05008	0.011689
05011	0.000778796
05012	0.00500544
05020	2.66082e-05
05027	0.00181499
05045	0.000340927
05049	0.000967932
05078	0.00367848
05092	0.00358885
05102	0.000260627
05108	0.00260467
05115	0.000806084
05131	0.000390459
05145	0.00115447
05168	8.22116e-05
05180	7.61952e-06
05183	0.00172869
05189	0.000218199
05198	0.00727652
05215	0.000390789
05222	3.89286e-05
05244	0.000359768
05282	0.00209242
05284	0.000163685
05285	0.0012161
05349	0.00169827
05369	2.85819e-05
05373	0.00758023
05388	0.000465829
05407	0.000189366
05416	0.00168624
05420	0.000295136
05423	0.000308161
05429	0.000210379
05458	0.00204171
05476	0.000376966
05481	0.0129402
0554A	0.000801473
05556	8.38699e-05
05569	0.000229275
05579	2.63391e-05
05580	0.0023118
05581	3.25168e-05
05659	0.00488833
05677	0.00295204
05681	0.0016646
05702	7.00102e-05
0572A	0.00149098
05764	2.01707e-05
05769	0.000387688
05773	0.00147263
05821	0.0024001
0583A	0.00092487
05855	0.000141635
05859	0.00028373
05866	7.68423e-05
05868	0.000840098
05873	0.00238269
05874	0.000203413
05881	0.00176827
05886	0.00111027
05910	0.000357305
05915	3.42076e-05
05920	1.02558e-05
05928	0.000796384
05957	0.0021702
05960	0.000881135
05969	0.000747742
05978	0.000485571
05984	0.00294853
05988	0.000140712
06039	2.45273e-05
06061	0.00465642
06106	0.00164671
06135	0.000461901
06172	3.83996e-05
06184	0.000339197
06224	0.00608813
06257	0.000303555
06263	0.000533988
06264	0.00185186
06277	0.00137081
06297	0.000745906
06402	0.000267251
06418	0.00267194
06423	7.76882e-05
06435	0.000233907
06437	0.00268843
06454	0.000778647
06466	0.000840911
06477	0.000678058
06489	0.00123742
06517	0.0013005
06533	0.00105569
06536	8.87261e-05
06544	0.000395877
06559	0.000173063
06562	0.000286537
06671	0.000438127
06694	0.000506246
0671A	0.00274575
06735	6.0994e-05
06737	0.00236619
0673A	0.000296996
06751	0.00127358
06770	0.00412102
06777	0.000642089
06792	0.00101316
06801	0.00184056
06808	0.00226188
06837	0.000292926
06842	0.000651048
06862	0.00289164
06882	0.000294029
06886	0.00043921
06908	0.000813814
06914	0.000446967
06918	0.000116329
06920	0.000810279
06925	0.0302428
06967	0.00221183
06976	0.000302729
06981	0.000470408
07005	9.73611e-05
07017	0.00269443
07045	0.00563405
07079	0.185068
07081	7.85127e-05
07084	0.000760368
07103	0.00292373
07136	0.000539398
07173	3.38581e-05
07201	6.02543e-05
07230	0.000149009
07272	0.00367799
07283	0.00557337
07290	6.12217e-05
07311	0.000560995
07321	0.000188845
07379	0.000201549
07393	0.00513609
07416	0.00129177
07429	0.00596043
07433	0.00365405
07441	0.000384305
07461	0.0228051
07486	0.00315833
07490	0.000159351
07506	0.00254591
07508	0.000502486
07609	0.00645389
07619	0.000280952
07637	0.0308299
07642	0.0200952
07645	0.000285168
07655	0.00751992
07658	0.00113266
07663	6.39111e-05
07665	0.000103571
07685	0.00400135
07694	0.000204375
07697	0.000743681
07772	0.00103237
07786	0.000657571
07790	0.000489235
07816	0.00178827
07845	2.13828e-05
07853	0.000978716
07861	0.000334312
07872	0.0020092
07874	0.000993037
07884	0.000254513
07886	0.000318032
07918	0.000231397
07924	0.00109564
07949	0.000820008
08003	0.00120749
08044	0.000108554
08045	0.00183954
08049	6.82424e-05
08092	0.000292921
08093	0.00179843
08130	0.000400735
08134	0.000411484
08145	0.0258362
08155	0.000220197
08210	0.000159461
08212	0.000265089
08263	0.00756854
08276	0.000174952
08314	0.00325724
08349	0.000376293
08353	4.86872e-05
08363	0.000506295
08376	0.000767622
08427	0.000137898
08434	0.0208712
08451	0.000822708
08453	0.000437501
08482	0.0003593
08499	0.000634131
08512	5.15623e-05
08539	0.000496407
0853A	0.000514763
08558	0.000142294
08580	0.00131195
08594	0.00438892
08676	0.00110763
08686	6.44885e-05
08687	0.000218895
08747	0.000611299
08772	0.000130787
08773	0.000236889
08780	0.00125051
08826	0.00199937
08828	0.000242926
08846	0.000172592
08848	0.00168509
08854	0.00204025
08858	0.00011132
08860	8.22726e-06
08879	0.000190019
08888	0.000542377
08892	0.000596309
08913	0.00151806
08964	0.00919693
09010	0.000162765
09021	0.000192215
09033	0.00154283
09055	0.000717669
09072	0.000438689
09085	0.000417349
09182	1.59357e-05
0918A	2.8317e-05
09220	8.85719e-05
09221	4.18007e-05
09225	0.000151184
09226	0.00102374
09232	0.00143243
09237	2.9478e-05
09263	0.000167705
09265	0.00152634
09268	0.00177157
09278	0.000316819
09283	0.000113819
09284	0.000557005
09302	9.14992e-05
09313	0.000558871
09323	0.00311462
09335	0.00238926
09345	9.51299e-05
09350	0.000341195
09357	0.00512383
09360	0.00214046
09370	6.72895e-05
09417	0.00109032
09444	0.000290877
09479	0.000173291
09486	0.00502252
09503	0.00685527
09514	5.17935e-05
09529	0.00205461
09534	0.016091
09545	0.00193039
09547	3.98245e-05
09582	4.62825e-05
09595	0.000500407
09597	0.000110947
09599	0.000791111
09629	0.00104865
09658	9.93683e-05
09693	0.00109682
09710	0.000190371
09730	0.000276767
09738	0.00373555
09766	2.37878e-05
09788	0.000668076
09789	9.12773e-05
09803	0.000158138
09829	0.00103689
09837	0.00074236
09838	0.000126873
0987A	6.53869e-05
09881	0.000416727
09883	0.00494192
09886	0.000158321
09896	0.00142798
09906	0.000348153
09918	0.00026778
09932	0.000595772
09934	0.000290362
09951	0.000703338
09982	5.65545e-05
09986	9.19777e-05
