# format = weight
# date = 20211130
01346	0.000365648
01356	0.00026038
01361	0.00266786
01362	0.00377477
01384	0.000494046
01419	0.00037197
01454	0.000552726
01464	0.000277196
01482	0.00105717
01484	0.000168354
01488	0.000774009
01489	0.00118782
0148A	0.00289037
01492	6.63925e-05
01514	0.000741333
01515	3.94988e-05
01555	0.000239994
01572	0.00262193
01607	0.000190214
01616	0.000745702
01649	0.000547405
01659	0.00261826
01678	0.00125769
01681	0.000666879
01682	0.00307587
01729	0.000122187
01763	0.000295024
01780	3.05197e-05
01783	0.0305365
01821	0.000130185
01846	0.000392518
01855	3.85325e-05
01875	0.00202739
01876	0.000174779
01926	0.000929002
01953	0.000390855
01961	0.00102934
01995	0.0121886
01999	0.000495067
02007	0.0017112
02029	0.000332281
02047	0.00317313
02051	5.47047e-05
02066	0.00205886
02071	0.000400963
02092	0.000236004
02098	3.56756e-05
02103	0.00210712
02104	0.00320464
02167	2.07257e-05
02209	0.000576019
02210	0.000461649
02216	0.00104151
02244	0.000368503
02281	0.000111426
02282	0.000522779
02300	0.00209601
02325	8.09783e-05
02340	7.36298e-05
02343	0.000217415
02344	0.00168972
02345	0.00526602
02359	0.000110491
02364	0.000332784
02365	7.26465e-05
02421	0.00027994
02425	0.00298973
02432	0.000127857
02449	0.00023836
02473	0.000484128
02494	0.000785009
02505	0.000789941
02511	0.000191835
02527	0.000845164
02544	7.31618e-05
02562	5.50464e-05
02563	0.00319268
02565	0.00015329
02572	0.000602218
02585	0.00143963
02605	0.00656335
02618	8.0841e-05
02630	0.000620224
02638	0.000321484
02654	0.000699848
02684	0.000168652
02725	0.000119314
02732	0.00217167
02768	0.000190265
02776	0.000874476
02787	0.000703718
02802	0.000345207
02813	0.0124625
02826	0.00114801
02831	0.000209619
0283A	0.000954824
02852	0.00110702
02938	0.000164292
02944	0.00171421
02962	0.00822415
0296A	0.00493186
02973	2.07487e-05
02988	0.000250664
02989	0.000842026
03007	0.000148312
03015	0.000526234
03073	0.00823185
03152	0.00664829
03160	0.000322472
03195	6.43196e-05
03234	0.000223279
03244	0.00126836
03259	0.00561811
03268	0.00557996
03281	0.00112415
03284	0.000479673
03297	0.000533455
03302	0.0265826
03323	5.56983e-05
03342	0.00189056
03349	0.000251654
03356	0.000157268
03357	0.00204165
03438	0.00247682
03455	0.00120203
03467	0.000548351
03476	0.00150563
03495	0.000187142
03514	0.00130224
03531	0.000146003
03546	0.000326876
03558	0.000285275
03569	0.000768989
03581	0.00095014
03585	0.000255733
03617	6.82505e-05
03619	0.000252428
03628	0.000633117
03664	0.000718942
03669	0.000304147
03672	0.000747762
03683	0.00409489
03690	0.00464911
03696	9.24698e-05
03729	0.000459036
03754	0.000788068
03755	8.0397e-05
03762	0.00832891
03764	0.000912246
03776	0.00481557
03797	0.00187393
03805	0.00334178
03809	0.000271181
03815	0.0027766
03832	0.000164847
03846	0.00108032
03853	0.00234941
03864	0.00242068
03877	0.000403764
03880	5.70437e-05
03920	0.000319914
03944	0.00539368
03961	0.000255092
03962	0.00105972
03967	0.000326385
03982	0.00103861
03983	0.000997565
04006	9.49932e-05
04007	0.000179329
04031	0.000464642
04055	7.56338e-05
04058	0.0186318
04062	6.25432e-05
04071	0.00148719
04090	0.00356511
04119	0.000319699
04149	0.000153113
04170	0.000241288
04177	0.00994721
04194	0.000623488
04209	0.000426708
0423A	6.9246e-05
04300	0.000327819
04308	0.000374881
04319	0.000448328
04333	0.000206929
04347	0.000135275
04362	4.49907e-05
04392	0.000960209
04426	0.000364692
04435	0.000153972
04465	0.00291375
04474	0.00300378
04482	1.42273e-05
04524	0.000352132
04662	0.00459577
04666	5.07056e-05
04676	0.000293521
0467A	4.06194e-05
04689	0.00026674
04703	0.000114913
04713	0.00158246
0471A	0.00110319
04762	0.000281314
04779	7.96965e-05
04784	0.00190231
04810	0.000749273
04818	0.000356366
04854	0.0124173
04863	0.00867712
04873	2.52471e-05
04885	0.000337426
04894	5.63379e-05
04897	0.00538692
04907	0.00520749
04911	0.000555469
04913	0.00201222
04922	0.00101839
04940	0.00168237
04966	0.020533
04971	0.000544703
04987	0.000141111
04998	0.000433131
05005	0.00155803
05008	0.0141024
05011	0.000939596
05020	3.21021e-05
05027	0.00218974
05045	0.000411319
05049	0.00116778
05078	0.00443799
05092	0.00432984
05108	0.00314246
05115	0.000972518
05131	0.000471078
05145	0.00139284
05168	9.9186e-05
05180	9.19274e-06
05183	0.00208562
05215	0.000471476
05222	4.69663e-05
05244	0.00043405
05282	0.00252445
05284	0.000197481
05285	0.00146719
05316	0.000239998
05369	3.44833e-05
05373	0.00914534
05407	0.000228465
05416	0.0020344
05417	0.000650386
05420	0.000356073
05423	0.000371788
05435	0.00166769
05458	0.00246327
05463	0.0010528
05484	0.00021842
0554A	0.000966955
05569	0.000276614
05579	3.17774e-05
05580	0.00278912
05624	4.50337e-05
05659	0.00589764
05677	0.00356155
05681	0.00200829
05702	8.44654e-05
0572A	0.00179883
05744	0.000317377
05764	2.43354e-05
05769	0.000467735
05816	0.00021076
05821	0.00289565
0583A	0.00111583
05855	0.000170878
05859	0.000342312
05866	9.27081e-05
05868	0.00101356
05873	0.00287465
05874	0.000245412
05881	0.00213337
05886	0.0013395
05910	0.000431078
05915	4.12705e-05
05920	1.23734e-05
05928	0.000960815
05960	0.00106306
05964	0.000111004
05969	0.00090213
05984	0.00355732
06039	2.95915e-05
06061	0.00561784
06135	0.000557271
06154	0.000335992
06172	4.63281e-05
06184	0.000409232
06224	0.00734516
06257	0.00036623
06263	0.000644242
06264	0.00223422
0626A	4.06143e-05
06277	0.00165385
06297	0.000899915
06347	0.00513821
06402	0.000322431
06418	0.00322362
06423	9.37286e-05
06435	0.000282202
06454	0.000939416
06466	0.00101454
06489	0.00149291
06494	0.00497328
06533	0.00127366
06536	0.000107046
06538	0.000109377
06544	0.000477615
06616	0.00105601
06671	0.000528588
0671A	0.00331267
06735	7.35876e-05
06737	0.00285474
0673A	0.000358317
06751	0.00153654
06777	0.000774663
06792	0.00122235
06801	0.00222058
06808	0.0027289
06832	0.0219402
06837	0.000353407
06842	0.000785471
06882	0.000354738
06886	0.000529895
06920	0.000977579
06939	0.00137844
06967	0.00266851
06976	0.000365234
06981	0.000567534
07005	0.000117463
07017	0.00325076
07045	0.00679733
07081	9.47234e-05
07084	0.000917362
07103	0.0035274
07123	8.6522e-05
07136	0.000650769
07173	4.08489e-05
07201	7.26951e-05
07230	0.000179775
07249	0.000617924
07272	0.0044374
07283	0.00672411
07290	7.38623e-05
07311	0.000676825
07321	0.000227836
07379	0.000243163
07393	0.00619655
07416	0.00155848
07429	0.00719109
07433	0.00440851
07440	0.000410044
07441	0.000463653
07461	0.0275138
07486	0.00381044
07490	0.000192253
07506	0.00307156
07508	0.000606235
07558	0.0130503
07585	0.000359821
07602	0.000641635
07609	0.00778644
07619	0.00033896
07636	5.1566e-05
07637	0.0371954
07642	0.0242443
07645	0.000344047
07647	0.00148077
07655	0.00907257
07658	0.00136652
07663	7.7107e-05
07665	0.000124956
07685	0.00482752
07694	0.000246572
07697	0.00089723
07739	0.0151879
07772	0.00124552
07786	0.000793342
07788	0.000748683
07790	0.000590249
07816	0.0021575
07853	0.00118079
07861	0.000403338
07872	0.00242404
07884	0.000307063
07908	0.000808079
07918	0.000279174
07924	0.00132186
07949	0.000989317
08003	0.0014568
08044	0.000130968
08045	0.00221936
08049	8.23326e-05
08051	0.0042186
08092	0.0003534
08093	0.00216975
08130	0.000483475
08132	0.00144789
08133	0.00172246
08145	0.0311706
08155	0.000265662
08173	0.000420577
08178	0.00205659
08258	0.00131968
08263	0.00913123
08276	0.000211075
08300	0.000897199
08314	0.00392977
08353	5.87398e-05
08363	0.00061083
08370	0.00121992
08376	0.000926115
08427	0.00016637
08434	0.0251805
08451	0.000992575
08453	0.000527832
08471	0.00055699
08482	0.000433485
08499	0.000765061
0853A	0.000621048
08558	0.000171673
08676	0.00133632
08686	7.78036e-05
08712	0.00180208
08747	0.000737515
08772	0.000157791
08773	0.0002858
08780	0.0015087
08826	0.00241219
08828	0.000293083
08846	0.000208227
08848	0.00203302
08854	0.0024615
08858	0.000134305
08860	9.92596e-06
08879	0.000229252
08890	7.36193e-05
08892	0.00071943
08913	0.0018315
09010	0.000196371
09021	0.000231902
09033	0.00186139
09055	0.000865848
09072	0.000529266
09215	0.00221183
09217	0.000334435
09220	0.00010686
09221	5.04313e-05
09225	0.000182399
09226	0.00123512
09232	0.00172819
09237	3.55643e-05
09263	0.000202332
09265	0.00184149
09268	0.00213734
09278	0.000382234
09283	0.000137319
09302	0.000110391
09313	0.000674262
09323	0.0037577
09335	0.00288258
09345	0.000114772
09350	0.000411642
09357	0.00618176
09360	0.00258241
09370	8.11829e-05
09444	0.000350935
09479	0.000209071
09503	0.0082707
09514	6.24874e-05
09529	0.00247883
09534	0.0194134
09545	0.00232896
09547	4.80472e-05
09574	0.00105772
09581	0.000429177
09582	5.58386e-05
09595	0.000603727
09597	0.000133854
09599	0.000954453
09629	0.00126517
09658	0.000119885
09693	0.00132329
09730	0.000333911
09738	0.00450684
09766	2.86993e-05
09788	0.000806015
09789	0.000110124
09803	0.00019079
09829	0.00125098
09837	0.000895637
09838	0.000153068
0987A	7.88875e-05
09881	0.000502769
09883	0.00596229
09886	0.00019101
09896	0.00172282
09918	0.00032307
09932	0.000718782
09934	0.000350314
09951	0.000848558
09982	6.82314e-05
09986	0.000110969
