# format = weight
# date = 20210430
01346	0.000327925
01356	0.000233518
01361	0.00239263
0137A	0.000651847
01384	0.000443077
01419	0.000333595
01454	0.000495703
01464	0.000248599
01482	0.000948108
01484	0.000150985
01488	0.000694158
01489	0.00106528
0148A	0.00259218
01492	5.9543e-05
01514	0.000664853
01555	0.000215235
01572	0.00235144
01587	0.000743053
01607	0.00017059
01616	0.000668771
01649	0.000490931
01659	0.00234815
01678	0.00112794
01681	0.000598079
01682	0.00275854
01729	0.000109581
01763	0.000264587
01780	2.73711e-05
01783	0.0273862
01821	0.000116754
01846	0.000352023
01855	3.45572e-05
01875	0.00181823
01876	0.000156747
01926	0.00083316
01953	0.000350532
01993	0.000240285
01995	0.0109312
02022	0.000290763
02025	0.000340171
02029	0.000298001
02047	0.00284577
02048	0.000266327
02066	0.00184646
02071	0.000359597
02092	0.000211656
02098	3.19951e-05
02103	0.00188973
02104	0.00287403
02167	1.85875e-05
02180	0.000319308
0219A	0.000587956
02209	0.000516593
02210	0.000414022
02216	0.000934065
02239	0.00309815
02244	0.000330486
02281	9.99302e-05
02282	0.000468846
02284	0.000392267
02300	0.00187977
02325	7.26241e-05
02340	6.60337e-05
02343	0.000194985
02344	0.0015154
02345	0.00472275
02359	9.90918e-05
02364	0.000298452
02365	6.51518e-05
02421	0.000251059
02432	0.000114667
02449	0.000213769
02452	0.00020941
02473	0.000434182
02482	9.02611e-05
02494	0.000704023
02505	0.000708446
02527	0.000757972
02544	6.56139e-05
02563	0.0028633
02572	0.000540089
02585	0.00129111
02605	0.00588623
02618	7.25009e-05
02630	0.000556238
02638	0.000288318
02649	0.00031357
02681	0.000125701
02684	0.000151253
02694	0.000366343
02725	0.000107005
02730	0.000446099
02732	0.00194763
02768	0.000170636
02776	0.00078426
02787	0.000631118
02802	0.000309593
02813	0.0111768
02826	0.00102957
02831	0.000187993
0283A	0.000856318
02876	0.00181046
02891	0.000906413
02938	0.000147343
02944	0.00153736
02962	0.00737569
0296A	0.00442306
02973	1.86082e-05
02988	0.000224804
03015	0.000471945
03073	0.0073826
03152	0.00596241
03160	0.000289204
03195	5.76839e-05
03234	0.000200244
03244	0.00113751
03268	0.0050043
03281	0.00100817
03284	0.000430187
03297	0.00047842
03302	0.0238401
03323	4.99521e-05
03342	0.00169552
03349	0.000225692
03438	0.0022213
03455	0.00107802
03467	0.000491779
03476	0.0013503
03514	0.00116789
03531	0.00013094
03558	0.000255844
0355A	0.000247472
03569	0.000689655
03581	0.000852118
03585	0.00022935
03617	6.12094e-05
03619	0.000226386
03628	0.000567801
03664	0.000644771
03672	0.000670618
03683	0.00367244
03690	0.00416948
03696	8.293e-05
03729	0.000411679
03754	0.000706766
03755	7.21027e-05
03762	0.00746965
03764	0.000818133
03773	0.000307361
03776	0.00431877
03797	0.00168061
03809	0.000243204
03815	0.00249015
03832	0.000147841
03846	0.000968865
03880	5.11587e-05
03920	0.00028691
03944	0.00483723
03961	0.000228775
03962	0.00095039
03967	0.000292713
03981	0.00122984
03982	0.00093146
03983	0.00089465
03988	8.63346e-05
04006	8.51931e-05
04007	0.000160828
04031	0.000416707
0404A	0.000436468
04062	5.60908e-05
04071	0.00133376
04119	0.000286717
04149	0.000137317
04170	0.000216395
04177	0.00892099
0419A	0.000357265
04209	0.000382686
04274	0.0041034
04300	0.000293999
04308	0.000336206
04319	0.000402076
04333	0.000185581
04347	0.000121319
04392	0.000861148
04465	0.00261315
04474	0.00269389
04482	1.27595e-05
04529	0.000156147
04549	0.00111382
04578	0.000385241
04662	0.00412164
04666	4.54745e-05
04676	0.00026324
0467A	3.64288e-05
04689	0.000239222
04703	0.000103058
04713	0.0014192
0471A	0.000989379
04779	7.14745e-05
04818	0.000319601
04854	0.0111362
04863	0.00778193
04873	2.26424e-05
04885	0.000302615
04894	5.05257e-05
04911	0.000498163
04913	0.00180462
04918	0.00222063
04940	0.00150881
04966	0.0184146
04971	0.000488508
04987	0.000126553
04994	0.000455251
04998	0.000388446
05005	0.00139729
05011	0.000842661
05012	0.00541591
05020	2.87902e-05
05027	0.00196383
05045	0.000368885
05049	0.00104731
05078	0.00398014
05102	0.000282
05108	0.00281827
05115	0.000872187
05131	0.000422479
05168	8.89533e-05
05183	0.00187045
05189	0.000236092
05222	4.21209e-05
05282	0.00226401
05284	0.000177108
05285	0.00131583
05316	0.000215239
05349	0.00183754
05373	0.00820185
05388	0.000504029
05407	0.000204895
05416	0.00182452
05417	0.000583288
05420	0.000319338
05423	0.000333432
05435	0.00149564
05458	0.00220914
05463	0.000944182
05476	0.000407879
05484	0.000195886
0554A	0.000867198
05569	0.000248077
05579	2.8499e-05
05580	0.00250137
05624	4.03878e-05
05654	0.00091617
05677	0.00319412
05681	0.0018011
05702	7.57514e-05
0572A	0.00161325
05744	0.000284634
05764	2.18248e-05
05769	0.00041948
05773	0.00159339
05816	0.000189016
0583A	0.00100071
05855	0.000153249
05859	0.000306997
05866	8.31437e-05
05868	0.00090899
05873	0.00257809
05874	0.000220094
05881	0.00191328
05886	0.00120131
05910	0.000386605
05915	3.70128e-05
05920	1.10968e-05
05928	0.000861691
05957	0.00234816
05960	0.000953392
05964	9.95524e-05
05969	0.000809061
05984	0.00319033
05988	0.000152251
06039	2.65386e-05
06061	0.00503826
06106	0.00178175
06154	0.000301329
06172	4.15486e-05
06184	0.000367013
06224	0.00658738
06257	0.000328448
06263	0.000577778
06264	0.00200372
0626A	3.64243e-05
06277	0.00148322
06402	0.000289167
06418	0.00289105
06423	8.40589e-05
06435	0.000253088
06466	0.000909869
06477	0.000733662
06489	0.00133889
06494	0.0044602
06517	0.00140714
06536	9.60021e-05
06538	9.80925e-05
06544	0.000428341
06559	0.000187255
06562	0.000310035
06616	0.000947063
06671	0.000474055
06694	0.00054776
06737	0.00256023
0673A	0.000321351
06751	0.00137802
06770	0.00445896
06792	0.00109624
06801	0.00199149
06808	0.00244737
06837	0.000316947
06842	0.000704437
06862	0.00312877
06882	0.000318141
06886	0.000475228
06918	0.000125868
06920	0.000876725
06925	0.0327229
06939	0.00123623
06967	0.00239321
06976	0.000327554
06977	0.000154102
07005	0.000105345
07017	0.00291539
07045	0.00609607
07079	0.200244
07084	0.000822721
07103	0.00316349
07123	7.75958e-05
07173	3.66346e-05
07201	6.51954e-05
07230	0.000161229
07249	0.000554175
07272	0.00397961
07290	6.62422e-05
07393	0.00555727
07416	0.0013977
07429	0.00644921
07433	0.0039537
07440	0.000367741
07441	0.00041582
07486	0.00341733
07490	0.000172419
07508	0.000543692
07585	0.0003227
07602	0.00057544
07609	0.00698314
07619	0.000303991
07636	4.62461e-05
07637	0.0333581
07645	0.000308553
07647	0.00132801
07655	0.00813659
07658	0.00122554
07663	6.91521e-05
07665	0.000112064
07685	0.00432948
07697	0.000804666
07719	0.000566316
07739	0.013621
07772	0.00111702
07786	0.000711495
07790	0.000529355
07816	0.00193492
07845	2.31363e-05
07853	0.00105897
07861	0.000361727
07872	0.00217396
07874	0.00107447
07884	0.000275384
07886	0.000344112
07908	0.000724712
07918	0.000250372
08003	0.0013065
08045	0.0019904
08049	7.38386e-05
08051	0.00378338
08093	0.00194591
08130	0.000433597
08133	0.00154476
08134	0.000445228
08145	0.0279549
08178	0.00184442
08212	0.000286827
08258	0.00118353
08263	0.0081892
08276	0.000189299
08300	0.000804638
08314	0.00352435
08349	0.000407151
08363	0.000547813
08370	0.00109407
08376	0.000830571
08434	0.0225828
08451	0.000890174
08453	0.000473378
08471	0.000499527
08482	0.000388764
08499	0.000686133
08539	0.000537115
0853A	0.000556976
08594	0.00474883
08676	0.00119846
08686	6.97769e-05
08687	0.000236846
08712	0.00161617
08747	0.000661428
08772	0.000141512
08780	0.00135305
08826	0.00216333
08828	0.000262847
08846	0.000186745
08848	0.00182328
08858	0.000120449
08860	8.90193e-06
08879	0.000205601
08888	0.000586855
08890	6.60243e-05
08892	0.000645209
08913	0.00164255
08964	0.00995112
09010	0.000176112
09021	0.000207978
09033	0.00166935
09055	0.000776522
09072	0.000474664
09085	0.000451574
09182	1.72425e-05
0918A	3.06391e-05
09215	0.00198365
09217	0.000299932
09220	9.58352e-05
09221	4.52285e-05
09225	0.000163582
09226	0.00110769
09232	0.0015499
09237	3.18953e-05
09263	0.000181458
09265	0.00165151
09278	0.0003428
09283	0.000123153
09284	0.000602682
09313	0.000604701
09323	0.00337003
09350	0.000369175
09357	0.00554401
09360	0.00231599
09370	7.28075e-05
09417	0.00117974
09479	0.000187502
09486	0.00543439
09503	0.00741744
09514	5.60408e-05
09534	0.0174106
09545	0.00208869
09547	4.30903e-05
09574	0.000948602
09581	0.000384901
09595	0.000541442
09597	0.000120045
09599	0.000855985
09629	0.00113465
09658	0.000107517
09693	0.00118677
09710	0.000205983
09730	0.000299463
09738	0.00404188
09766	2.57385e-05
09803	0.000171107
09837	0.000803237
09838	0.000137277
0987A	7.0749e-05
09881	0.0004509
09883	0.00534718
09886	0.000171305
09896	0.00154508
09906	0.000376703
09918	0.00028974
09932	0.000644628
09934	0.000314173
09951	0.000761015
09986	9.95203e-05
