# format = weight
# date = 20210331
01346	0.000305018
01356	0.000217205
01361	0.00222549
01362	0.00314885
01384	0.000412126
01419	0.000310292
01454	0.000461076
01464	0.000231233
01482	0.000881878
01488	0.000645667
0148A	0.00241111
01492	5.53837e-05
01514	0.00061841
01515	3.29494e-05
01555	0.0002002
01572	0.00218718
01587	0.000691147
01607	0.000158674
01616	0.000622054
01649	0.000456637
01659	0.00218412
01681	0.000556301
01682	0.00256584
01729	0.000101926
01763	0.000246104
01780	2.54591e-05
01783	0.0254731
01821	0.000108599
01846	0.000327433
01855	3.21432e-05
01875	0.00169122
01876	0.000145798
01926	0.00077496
01953	0.000326046
01961	0.000858658
01993	0.0002235
01995	0.0101676
01999	0.000412977
02007	0.00142746
02022	0.000270452
02025	0.000316408
02029	0.000277184
02047	0.00264698
02048	0.000247723
02051	4.56339e-05
02066	0.00171748
02071	0.000334477
02092	0.000196871
02098	2.97601e-05
02103	0.00175773
02180	0.000297002
02185	0.0008996
0219A	0.000546885
02209	0.000480507
02210	0.000385101
02216	0.000868816
02239	0.00288173
02244	0.0003074
02281	9.29496e-05
02282	0.000436095
02284	0.000364865
02300	0.00174846
02303	0.0019532
02325	6.7551e-05
02340	6.14209e-05
02343	0.000181364
02344	0.00140954
02345	0.00439284
02359	9.21698e-05
02364	0.000277604
02365	6.06007e-05
02421	0.000233522
02425	0.00249399
02432	0.000106657
02449	0.000198837
02452	0.000194781
02473	0.000403853
02482	8.3956e-05
02505	0.000658958
02511	0.000160026
02527	0.000705024
02544	6.10305e-05
02562	4.59189e-05
02563	0.00266329
02565	0.000127872
02571	0.00209214
02572	0.000502361
02585	0.00120092
02605	0.00547505
02618	6.74364e-05
02630	0.000517382
02649	0.000291666
02654	0.000583803
02681	0.00011692
02684	0.000140687
02725	9.95304e-05
02730	0.000414937
02732	0.00181158
02768	0.000158716
02776	0.000729476
02787	0.000587031
02802	0.000287967
02813	0.0103961
02826	0.000957651
0283A	0.0007965
02852	0.000923464
02859	0.000782491
02876	0.00168399
02891	0.000843096
02938	0.00013705
02944	0.00142997
02962	0.00686046
0296A	0.00411409
02973	1.73083e-05
02988	0.0002091
02989	0.000702406
03007	0.000123719
03015	0.000438977
03073	0.00686689
03152	0.00554591
03160	0.000269001
03195	5.36544e-05
03234	0.000186256
03244	0.00105805
03259	0.00468654
03268	0.00465473
03281	0.000937749
03284	0.000400136
03302	0.0221748
03323	4.64627e-05
03342	0.00157708
03349	0.000209926
03356	0.000131191
03357	0.00170311
03438	0.00206613
03455	0.00100271
03467	0.000457426
03476	0.00125598
03495	0.000156111
03514	0.00108631
03531	0.000121794
03546	0.000272676
03558	0.000237973
0355A	0.000230185
03569	0.000641479
03581	0.000792593
03585	0.000213328
03617	5.69336e-05
03619	0.000210572
03628	0.000528137
03664	0.000599731
03672	0.000623772
03683	0.0034159
03690	0.00387822
03696	7.71369e-05
03729	0.000382921
03754	0.000657395
03755	6.7066e-05
03762	0.00694786
03764	0.000760982
03773	0.00028589
03776	0.00401708
03805	0.00278766
03809	0.000226215
03832	0.000137513
03846	0.000901185
03853	0.00195984
03864	0.00201929
03880	4.75851e-05
03920	0.000266868
03944	0.00449933
03961	0.000212794
03982	0.000866394
03983	0.000832154
03988	8.03037e-05
04006	7.9242e-05
0404A	0.000405978
04055	6.30926e-05
04058	0.0155424
04062	5.21726e-05
04071	0.00124059
04090	0.00297396
04119	0.000266688
04149	0.000127725
04177	0.00829782
04194	0.000520105
0419A	0.000332308
04209	0.000355954
0423A	5.7764e-05
04274	0.00381676
04308	0.00031272
04333	0.000172617
04347	0.000112844
04392	0.000800992
04426	0.000304221
04435	0.000128442
04465	0.00243061
04474	0.00250571
04524	0.000293744
04529	0.000145239
04549	0.00103602
04578	0.00035833
04662	0.00383373
04666	4.22979e-05
04676	0.000244851
0467A	3.38841e-05
04689	0.000222511
04703	9.58592e-05
0471A	0.000920266
04762	0.000234668
04779	6.64816e-05
04810	0.000625033
04818	0.000297275
04854	0.0103583
04863	0.00723833
04865	0.000776407
04873	2.10607e-05
04885	0.000281476
04907	0.00434401
04911	0.000463364
04913	0.00167856
04918	0.00206551
04922	0.000849527
04940	0.00140341
04966	0.0171283
04971	0.000454384
04987	0.000117712
04998	0.000361312
05005	0.00129969
05008	0.011764
05011	0.000783797
05012	0.00503758
05020	2.67791e-05
05027	0.00182665
05045	0.000343116
05049	0.000974148
05078	0.00370211
05092	0.00361189
05102	0.000262301
05115	0.00081126
05131	0.000392967
05145	0.00116188
05168	8.27395e-05
05180	7.66845e-06
05183	0.00173979
05189	0.0002196
05215	0.000393298
05222	3.91786e-05
05282	0.00210586
05284	0.000164736
05285	0.00122391
05316	0.000200203
05349	0.00170918
05373	0.00762891
05388	0.00046882
05407	0.000190582
05416	0.00169707
05417	0.000542542
05429	0.000211729
05435	0.00139116
05463	0.000878227
05476	0.000379387
05481	0.0130233
05556	8.44085e-05
05569	0.000230748
05579	2.65083e-05
05580	0.00232664
05624	3.75665e-05
05654	0.000852171
05677	0.00297099
05681	0.00167528
05702	7.04598e-05
0572A	0.00150056
05744	0.000264751
05764	2.03002e-05
05769	0.000390177
05773	0.00148209
05816	0.000175813
05821	0.00241551
0583A	0.000930809
05855	0.000142544
05859	0.000285552
05868	0.000845493
05873	0.00239799
05886	0.00111739
05910	0.000359599
05915	3.44272e-05
05920	1.03217e-05
05928	0.000801498
05960	0.000886793
05969	0.000752544
05978	0.000488689
05984	0.00296747
05988	0.000141616
06039	2.46848e-05
06061	0.00468632
06106	0.00165728
06135	0.000464867
06154	0.00028028
06172	3.86462e-05
06224	0.00612723
06257	0.000305504
06263	0.000537417
0626A	3.38799e-05
06277	0.00137961
06297	0.000750696
06347	0.00428622
06402	0.000268967
06418	0.0026891
06423	7.8187e-05
06435	0.000235409
06437	0.00270569
06454	0.000783647
06466	0.000846311
06477	0.000682412
06489	0.00124536
06494	0.00414864
06517	0.00130885
06533	0.00106247
06536	8.92959e-05
06538	9.12403e-05
06544	0.00039842
06559	0.000174175
06562	0.000288377
06616	0.000880906
06671	0.00044094
06694	0.000509497
06735	6.13857e-05
06737	0.00238138
0673A	0.000298903
06770	0.00414748
06792	0.00101966
06801	0.00185238
06808	0.00227641
06832	0.0183022
06837	0.000294807
06842	0.000655228
06862	0.00291021
06882	0.000295918
06886	0.000442031
06918	0.000117076
06920	0.000815482
06967	0.00222603
06976	0.000304673
06977	0.000143337
06981	0.000473429
07017	0.00271173
07045	0.00567023
07079	0.186256
07081	7.90169e-05
07103	0.00294251
07123	7.21754e-05
07136	0.000542862
07201	6.06412e-05
07230	0.000149966
07249	0.000515463
07272	0.00370161
07283	0.00560916
07290	6.16149e-05
07311	0.000564598
07321	0.000190058
07379	0.000202843
07393	0.00516907
07416	0.00130006
07429	0.0059987
07433	0.00367752
07441	0.000386773
07486	0.00317861
07506	0.00256225
07508	0.000505712
07558	0.0108863
07585	0.000300158
07602	0.000535242
07609	0.00649534
07619	0.000282756
07636	4.30156e-05
07637	0.0310279
07642	0.0202242
07645	0.000286999
07655	0.00756821
07658	0.00113993
07685	0.00402705
07697	0.000748457
07719	0.000526756
07726	0.000672344
07739	0.0126695
07786	0.000661794
07788	0.00062454
07790	0.000492377
07845	2.15202e-05
07861	0.000336458
07872	0.0020221
07884	0.000256148
07886	0.000320074
07908	0.000674088
07918	0.000232883
07924	0.00110267
07949	0.000825274
08003	0.00121524
08045	0.00185136
08049	6.86807e-05
08051	0.00351909
08092	0.000294802
08093	0.00180998
08130	0.000403308
08132	0.00120781
08133	0.00143685
08134	0.000414126
08145	0.0260021
08155	0.000221611
08173	0.000350839
08178	0.00171558
08210	0.000160485
08212	0.000266791
08258	0.00110086
08276	0.000176075
08300	0.000748431
08349	0.00037871
08353	4.89999e-05
08363	0.000509546
08370	0.00101764
08376	0.000772552
08427	0.000138784
08434	0.0210052
08451	0.000827991
08453	0.00044031
08482	0.000361607
08512	5.18934e-05
08539	0.000499595
0853A	0.000518069
08558	0.000143207
08580	0.00132037
08594	0.0044171
08676	0.00111474
08686	6.49026e-05
08712	0.00150327
08773	0.00023841
08780	0.00125854
08826	0.00201221
08828	0.000244486
08854	0.00205335
08858	0.000112035
08888	0.00054586
08892	0.000600138
08913	0.00152781
09010	0.00016381
09021	0.00019345
09033	0.00155274
09055	0.000722278
09072	0.000441506
09085	0.000420029
09182	1.6038e-05
0918A	2.84988e-05
09217	0.000278981
09220	8.91407e-05
09221	4.20691e-05
09225	0.000152155
09226	0.00103032
09232	0.00144163
09237	2.96673e-05
09263	0.000168782
09268	0.00178294
09278	0.000318854
09284	0.000560582
09302	9.20868e-05
09313	0.00056246
09335	0.0024046
09345	9.57407e-05
09350	0.000343386
09357	0.00515673
09360	0.00215421
09370	6.77216e-05
09417	0.00109733
09479	0.000174404
09503	0.00689929
09514	5.21261e-05
09529	0.0020678
09534	0.0161943
09545	0.00194278
09547	4.00803e-05
09581	0.000358014
09582	4.65797e-05
09595	0.00050362
09599	0.000796191
09629	0.00105539
09658	0.000100006
09693	0.00110387
09710	0.000191594
09730	0.000278544
09738	0.00375954
09766	2.39405e-05
09788	0.000672366
09789	9.18635e-05
09803	0.000159154
09837	0.000747127
09838	0.000127687
0987A	6.58068e-05
09881	0.000419403
09883	0.00497366
09886	0.000159338
09896	0.00143715
09906	0.000350389
09918	0.0002695
09932	0.000599598
09934	0.000292227
09951	0.000707854
09982	5.69176e-05
09986	9.25683e-05
