# format = weight
# date = 20210226
01346	0.000304946
01362	0.00314811
0137A	0.000606169
01384	0.000412029
01419	0.000310219
01454	0.000460967
01464	0.000231179
01482	0.00088167
01484	0.000140405
01488	0.000645515
01489	0.000990632
0148A	0.00241054
01492	5.53706e-05
01514	0.000618264
01515	3.29416e-05
01555	0.000200153
01587	0.000690984
01607	0.000158636
01616	0.000621907
01649	0.00045653
01659	0.0021836
01678	0.0010489
01681	0.00055617
01682	0.00256524
01729	0.000101902
01763	0.000246046
01780	2.54531e-05
01821	0.000108573
01846	0.000327356
01855	3.21356e-05
01875	0.00169082
01876	0.000145763
01926	0.000774778
01953	0.000325969
01961	0.000858456
01993	0.000223448
01995	0.0101652
01999	0.00041288
02007	0.00142712
02022	0.000270388
02025	0.000316334
02029	0.000277119
02048	0.000247665
02051	4.56231e-05
02071	0.000334399
02092	0.000196825
02098	2.97531e-05
02167	1.7285e-05
02180	0.000296932
02185	0.000899388
02209	0.000480393
02210	0.00038501
02216	0.000868611
02239	0.00288105
02244	0.000307328
02281	9.29277e-05
02282	0.000435992
02284	0.000364779
02300	0.00174805
02303	0.00195274
02325	6.7535e-05
02340	6.14064e-05
02343	0.000181322
02344	0.00140921
02345	0.00439181
02359	9.2148e-05
02365	6.05864e-05
02421	0.000233467
02425	0.0024934
02432	0.000106632
02449	0.00019879
02452	0.000194735
02473	0.000403758
02482	8.39362e-05
02494	0.000654689
02505	0.000658802
02511	0.000159988
02527	0.000704858
02544	6.10161e-05
02562	4.59081e-05
02563	0.00266266
02565	0.000127842
02571	0.00209165
02572	0.000502243
02585	0.00120064
02605	0.00547376
02618	6.74205e-05
02630	0.00051726
02638	0.000268114
02649	0.000291597
02654	0.000583666
02694	0.000340672
02725	9.95069e-05
02730	0.000414839
02732	0.00181115
02768	0.000158679
02776	0.000729304
02787	0.000586893
02802	0.000287899
02813	0.0103936
02826	0.000957425
02831	0.00017482
0283A	0.000796312
02852	0.000923246
02859	0.000782306
02876	0.0016836
02891	0.000842897
02938	0.000137018
02944	0.00142963
02962	0.00685885
0296A	0.00411312
02973	1.73042e-05
02988	0.000209051
03015	0.000438874
03073	0.00686527
03152	0.0055446
03160	0.000268938
03195	5.36418e-05
03234	0.000186212
03244	0.0010578
03259	0.00468544
03268	0.00465363
03281	0.000937528
03284	0.000400042
03297	0.000444895
03302	0.0221696
03323	4.64517e-05
03342	0.00157671
03349	0.000209877
03356	0.00013116
03357	0.00170271
03438	0.00206564
03455	0.00100248
03467	0.000457319
03476	0.00125568
03495	0.000156074
03514	0.00108605
03531	0.000121765
03546	0.000272611
03558	0.000237916
0355A	0.000230131
03569	0.000641328
03581	0.000792406
03585	0.000213278
03617	5.69202e-05
03619	0.000210522
03628	0.000528013
03669	0.000253655
03672	0.000623625
03683	0.00341509
03690	0.00387731
03696	7.71188e-05
03729	0.000382831
03754	0.00065724
03755	6.70502e-05
03762	0.00694622
03764	0.000760803
03773	0.000285823
03776	0.00401614
03805	0.00278701
03809	0.000226162
03815	0.00231566
03832	0.000137481
03864	0.00201882
03877	0.000336735
03880	4.75738e-05
03920	0.000266805
03944	0.00449827
03961	0.000212744
03962	0.000883793
03967	0.000272201
03981	0.00114366
03988	8.02848e-05
04006	7.92233e-05
04031	0.000387506
0404A	0.000405883
04055	6.30778e-05
04058	0.0155387
04062	5.21603e-05
04071	0.0012403
04090	0.00297326
04119	0.000266626
04149	0.000127695
04170	0.000201232
04209	0.00035587
04274	0.00381586
04300	0.000273397
04308	0.000312647
04319	0.000373901
04333	0.000172576
04362	3.75218e-05
04392	0.000800804
04426	0.000304149
04435	0.000128411
04465	0.00243003
04474	0.00250512
04482	1.18654e-05
04524	0.000293674
04529	0.000145205
04578	0.000358245
04662	0.00383282
04666	4.22879e-05
04676	0.000244793
0467A	3.38761e-05
04689	0.000222458
04703	9.58366e-05
04713	0.00131976
0471A	0.000920049
04762	0.000234612
04779	6.6466e-05
04784	0.0015865
04810	0.000624886
04818	0.000297205
04854	0.0103559
04873	2.10558e-05
04894	4.69852e-05
04897	0.00449263
04907	0.00434299
04911	0.000463255
04913	0.00167817
04918	0.00206502
04922	0.000849327
04966	0.0171243
04971	0.000454277
04987	0.000117685
04998	0.000361226
05005	0.00129938
05008	0.0117612
05011	0.000783612
05012	0.0050364
05020	2.67728e-05
05027	0.00182622
05045	0.000343035
05092	0.00361104
05102	0.000262239
05108	0.00262078
05115	0.000811069
05145	0.00116161
05168	8.272e-05
05180	7.66665e-06
05183	0.00173938
05198	0.00732152
05215	0.000393206
05222	3.91693e-05
05244	0.000361993
05282	0.00210536
05284	0.000164697
05285	0.00122362
05316	0.000200156
05349	0.00170877
05369	2.87587e-05
05373	0.00762711
05388	0.00046871
05407	0.000190537
05416	0.00169667
05417	0.000542414
05420	0.000296961
05423	0.000310067
05429	0.00021168
05435	0.00139083
05458	0.00205434
05463	0.00087802
05476	0.000379297
05481	0.0130202
05556	8.43886e-05
05569	0.000230693
05579	2.6502e-05
05580	0.00232609
05581	3.27179e-05
05624	3.75576e-05
05654	0.00085197
05659	0.00491856
05677	0.00297029
05681	0.00167489
05702	7.04432e-05
0572A	0.0015002
05744	0.000264689
05764	2.02954e-05
05769	0.000390085
05773	0.00148174
05816	0.000175771
05821	0.00241494
05855	0.000142511
05866	7.73175e-05
05873	0.00239743
05874	0.000204671
05881	0.0017792
05886	0.00111713
05910	0.000359514
05915	3.44191e-05
05928	0.000801309
05957	0.00218362
05960	0.000886584
05964	9.25764e-05
05969	0.000752367
05978	0.000488574
05984	0.00296677
05988	0.000141583
06039	2.4679e-05
06135	0.000464758
06154	0.000280214
06172	3.86371e-05
06184	0.000341295
06257	0.000305432
06263	0.000537291
06264	0.00186331
0626A	3.38719e-05
06277	0.00137929
06297	0.000750519
06347	0.00428521
06423	7.81686e-05
06435	0.000235353
06437	0.00270505
06454	0.000783463
06477	0.000682251
06489	0.00124507
06494	0.00414766
06517	0.00130854
06533	0.00106222
06536	8.92749e-05
06538	9.12188e-05
06544	0.000398326
06559	0.000174134
06562	0.000288309
06616	0.000880698
06671	0.000440837
06694	0.000509376
0671A	0.00276273
06735	6.13712e-05
06737	0.00238082
06770	0.0041465
06777	0.00064606
06792	0.00101942
06801	0.00185194
06832	0.0182979
06837	0.000294738
06842	0.000655074
06862	0.00290952
06882	0.000295848
06886	0.000441927
06908	0.000818847
06918	0.000117048
06920	0.00081529
06925	0.0304299
06939	0.0011496
06967	0.00222551
06976	0.000304601
06977	0.000143303
06981	0.000473317
07005	9.79632e-05
07017	0.00271109
07045	0.00566889
07079	0.186212
07081	7.89982e-05
07123	7.21584e-05
07136	0.000542734
07173	3.40675e-05
07201	6.06269e-05
07230	0.000149931
07272	0.00370074
07290	6.16003e-05
07311	0.000564464
07379	0.000202796
07393	0.00516785
07416	0.00129975
07440	0.000341972
07441	0.000386682
07486	0.00317786
07490	0.000160337
07506	0.00256165
07508	0.000505593
07558	0.0108838
07602	0.000535116
07609	0.00649381
07637	0.0310206
07642	0.0202195
07645	0.000286932
07655	0.00756643
07658	0.00113966
07663	6.43064e-05
07665	0.000104212
07685	0.0040261
07694	0.000205639
07697	0.00074828
07719	0.000526632
07726	0.000672186
07739	0.0126665
07786	0.000661638
07788	0.000624393
07790	0.000492261
07816	0.00179933
07845	2.15151e-05
07853	0.000984768
07861	0.000336379
07872	0.00202162
07874	0.000999178
07886	0.000319998
07908	0.000673929
07918	0.000232828
07924	0.00110241
07949	0.000825079
08003	0.00121495
08045	0.00185092
08049	6.86645e-05
08051	0.00351826
08092	0.000294732
08093	0.00180955
08130	0.000403213
08132	0.00120753
08133	0.00143652
08145	0.025996
08155	0.000221559
08173	0.000350756
08178	0.00171517
08210	0.000160447
08212	0.000266728
08258	0.0011006
08263	0.00761535
08276	0.000176034
08300	0.000748254
08314	0.00327738
08349	0.000378621
08370	0.0010174
08434	0.0210003
08451	0.000827796
08453	0.000440206
08471	0.000464523
08482	0.000361522
08499	0.000638053
08512	5.18812e-05
0853A	0.000517947
08558	0.000143174
08594	0.00441606
08676	0.00111448
08686	6.48873e-05
08687	0.000220249
08712	0.00150292
08747	0.000615079
08772	0.000131596
08780	0.00125824
08846	0.000173659
08848	0.00169552
08854	0.00205287
08858	0.000112009
08860	8.27814e-06
08879	0.000191194
08888	0.000545732
08890	6.13977e-05
08892	0.000599996
08964	0.00925381
09010	0.000163772
09021	0.000193404
09033	0.00155238
09055	0.000722108
09072	0.000441402
09182	1.60343e-05
0918A	2.84921e-05
09215	0.00184464
09217	0.000278915
09220	8.91197e-05
09221	4.20592e-05
09225	0.000152119
09226	0.00103007
09232	0.00144129
09237	2.96603e-05
09263	0.000168742
09278	0.000318779
09284	0.00056045
09302	9.20651e-05
09313	0.000562327
09323	0.00313388
09335	0.00240404
09345	9.57182e-05
09350	0.000343305
09357	0.00515552
09360	0.0021537
09370	6.77056e-05
09417	0.00109707
09444	0.000292676
09479	0.000174363
09486	0.00505358
09503	0.00689767
09514	5.21138e-05
09529	0.00206731
09534	0.0161905
09545	0.00194233
09547	4.00708e-05
09574	0.00088213
09582	4.65688e-05
09595	0.000503501
09597	0.000111633
09599	0.000796003
09629	0.00105514
09658	9.99828e-05
09693	0.00110361
09710	0.000191549
09730	0.000278478
09738	0.00375865
09766	2.39349e-05
09788	0.000672207
09789	9.18418e-05
09803	0.000159116
09829	0.0010433
09837	0.000746951
0987A	6.57913e-05
09881	0.000419304
09883	0.00497248
09886	0.000159301
09896	0.00143681
09906	0.000350306
09932	0.000599456
09934	0.000292158
09951	0.000707688
