# format = weight
# date = 20220831
01346	0.000288061
01356	0.00020513
01361	0.00210176
01362	0.00297379
0137A	0.000572604
01384	0.000389214
01419	0.000293042
01454	0.000435443
01464	0.000218378
01482	0.00083285
01484	0.000132631
01488	0.000609772
01489	0.000935779
01492	5.23046e-05
01555	0.00018907
01572	0.00206558
01587	0.000652723
01607	0.000149852
01649	0.00043125
01659	0.00206269
01678	0.000990821
01681	0.000525373
01682	0.00242319
01763	0.000232422
01780	2.40437e-05
01821	0.000102561
01846	0.000309229
01855	3.03562e-05
01875	0.0015972
01926	0.000731876
01953	0.000307919
01961	0.000810921
01993	0.000211075
01995	0.0096023
02007	0.0013481
02022	0.000255416
02025	0.000298818
02029	0.000261774
02048	0.000233951
02066	0.00162199
02071	0.000315882
02092	0.000185926
02098	2.81056e-05
02103	0.00166001
02104	0.00252465
02167	1.63279e-05
02180	0.000280491
02185	0.000849586
0219A	0.000516481
02216	0.000820514
02239	0.00272152
02244	0.00029031
02281	8.77821e-05
02282	0.00041185
02284	0.00034458
02325	6.37955e-05
02340	5.80062e-05
02343	0.000171281
02344	0.00133118
02345	0.00414862
02364	0.000262171
02365	5.72316e-05
02421	0.000220539
02425	0.00235534
02432	0.000100727
02449	0.000187782
02452	0.000183953
02482	7.92884e-05
02494	0.000618437
02527	0.000665828
02544	5.76375e-05
02562	4.3366e-05
02563	0.00251522
02565	0.000120763
02571	0.00197583
02572	0.000474433
02605	0.00517067
02630	0.000488618
02638	0.000253268
02654	0.000551347
02681	0.00011042
02684	0.000132866
02694	0.000321809
02725	9.3997e-05
02730	0.000391869
02732	0.00171086
02768	0.000149892
02776	0.000688921
02787	0.000554395
02802	0.000271957
02813	0.0098181
02826	0.00090441
0283A	0.000752219
02852	0.000872124
02859	0.000738988
02876	0.00159037
02891	0.000796224
02938	0.000129431
02944	0.00135047
02962	0.00647906
0296A	0.00388537
02973	1.6346e-05
02988	0.000197475
02989	0.000663356
03007	0.000116841
03015	0.000414572
03073	0.00648513
03152	0.00523758
03160	0.000254046
03195	5.06715e-05
03244	0.000999225
03259	0.004426
03268	0.00439595
03281	0.000885615
03284	0.000377891
03297	0.000420261
03302	0.020942
03323	4.38796e-05
03342	0.0014894
03349	0.000198255
03357	0.00160843
03438	0.00195126
03455	0.000946969
03467	0.000431996
03476	0.00118615
03514	0.00102591
03546	0.000257516
03558	0.000224742
0355A	0.000217388
03569	0.000605816
03585	0.000201469
03617	5.37684e-05
03619	0.000198865
03628	0.000498775
03664	0.000566389
03669	0.00023961
03672	0.000589094
03683	0.00322599
03690	0.00366261
03754	0.000620847
03755	6.33375e-05
03762	0.00656159
03764	0.000718676
03773	0.000269996
03776	0.00379375
03797	0.0014763
03805	0.00263268
03809	0.000213639
03832	0.000129868
03846	0.000851084
03853	0.00185089
03864	0.00190703
03880	4.49396e-05
03920	0.000252031
03944	0.00424919
03961	0.000200964
03962	0.000834855
03982	0.000818227
03988	7.58393e-05
04006	7.48365e-05
04007	0.000141277
04031	0.000366049
0404A	0.000383408
04055	5.9585e-05
04058	0.0146783
04062	4.92721e-05
04071	0.00117162
04090	0.00280862
04119	0.000251862
04149	0.000120624
04177	0.0078365
04194	0.000491189
0419A	0.000313834
04209	0.000336165
0423A	5.45527e-05
04274	0.00360457
04300	0.000258259
04308	0.000295335
04319	0.000353197
04347	0.000106571
04362	3.54441e-05
04435	0.000121301
04465	0.00229548
04474	0.00236641
04482	1.12084e-05
04524	0.000277413
04529	0.000137165
04549	0.000978421
04578	0.000338408
04662	0.00362059
04666	3.99463e-05
0467A	3.20003e-05
04703	9.05299e-05
04713	0.00124668
0471A	0.000869104
04762	0.000221621
04779	6.27856e-05
04810	0.000590284
04818	0.000280748
04854	0.00978245
04863	0.00683591
04865	0.000733243
04873	1.98899e-05
04894	4.43835e-05
04897	0.00424386
04907	0.00410251
04911	0.000437604
04913	0.00158524
04918	0.00195068
04922	0.000802298
04940	0.00132539
04966	0.016176
04971	0.000429122
04987	0.000111168
04998	0.000341225
05005	0.00122743
05008	0.01111
05011	0.000740222
05012	0.00475752
05020	2.52903e-05
05027	0.00172509
05045	0.000324041
05049	0.00091999
05078	0.00349629
05092	0.00341109
05102	0.000247718
05108	0.00247566
05115	0.000766158
05145	0.00109729
05168	7.81396e-05
05180	7.24213e-06
05183	0.00164307
05189	0.000207391
05198	0.00691611
05215	0.000371433
05222	3.70005e-05
05244	0.000341949
05282	0.00198878
05284	0.000155578
05285	0.00115587
05316	0.000189073
05349	0.00161416
05369	2.71662e-05
05373	0.00720478
05388	0.000442756
05407	0.000179987
05420	0.000280518
05423	0.000292898
05429	0.000199958
05435	0.00131382
05458	0.00194059
05463	0.000829402
05476	0.000358295
05481	0.0122993
05484	0.000172073
0554A	0.000761776
05556	7.97158e-05
05569	0.000217919
05579	2.50345e-05
05580	0.00219729
05581	3.09063e-05
05624	3.5478e-05
05654	0.000804795
05659	0.00464621
05677	0.00280582
05681	0.00158215
05702	6.65426e-05
05744	0.000250033
05764	1.91716e-05
05769	0.000368486
05773	0.00139969
05816	0.000166038
05821	0.00228122
0583A	0.000879061
05855	0.000134619
05859	0.000269677
05866	7.30363e-05
05873	0.00226468
05874	0.000193338
05881	0.00168069
05910	0.000339607
05915	3.25133e-05
05920	9.74785e-06
05928	0.000756939
05957	0.00206271
05960	0.000837492
05964	8.74502e-05
05969	0.000710707
05978	0.00046152
05984	0.00280249
05988	0.000133743
06061	0.00442578
06106	0.00156515
06135	0.000439023
06154	0.000264698
06172	3.64977e-05
06184	0.000322397
06224	0.00578658
06263	0.00050754
06264	0.00176014
0626A	3.19964e-05
06277	0.00130291
06297	0.000708961
06347	0.00404793
06402	0.000254014
06423	7.38402e-05
06454	0.000740081
06466	0.00079926
06477	0.000644473
06489	0.00117613
06494	0.003918
06517	0.00123608
06536	8.43315e-05
06538	8.61678e-05
06544	0.000376269
06559	0.000164491
06562	0.000272345
06616	0.000831932
06671	0.000416426
06694	0.000481171
0671A	0.00260975
06735	5.7973e-05
06737	0.00224899
0673A	0.000282285
06751	0.0012105
06770	0.0039169
06777	0.000610287
06792	0.000962976
06808	0.00214985
06832	0.0172847
06837	0.000278417
06842	0.000618801
06862	0.00274842
06882	0.000279466
06886	0.000417456
06908	0.000773506
06914	0.000424829
06918	0.000110567
06920	0.000770145
06925	0.0287449
06939	0.00108595
06976	0.000287735
06977	0.000135368
06981	0.000447108
07017	0.00256098
07079	0.175901
07081	7.46239e-05
07084	0.000722706
07103	0.00277892
07123	6.81628e-05
07136	0.000512682
07173	3.21811e-05
07201	5.72699e-05
07230	0.000141629
07249	0.000486806
07272	0.00349582
07283	0.00529732
07290	5.81894e-05
07311	0.000533209
07321	0.000179491
07379	0.000191566
07393	0.0048817
07416	0.00122778
07429	0.00566521
07433	0.00347307
07440	0.000323037
07441	0.00036527
07461	0.0216756
07486	0.0030019
07490	0.000151459
07506	0.00241981
07508	0.000477597
07558	0.0102811
07585	0.00028347
07602	0.000505486
07609	0.00613423
07636	4.06242e-05
07637	0.0293029
07642	0.0190999
07645	0.000271044
07647	0.00116657
07655	0.00714746
07658	0.00107656
07665	9.84412e-05
07685	0.00380317
07694	0.000194252
07697	0.000706846
07726	0.000634965
07739	0.0119652
07772	0.000981232
07788	0.000589819
07816	0.0016997
07845	2.03238e-05
07861	0.000317753
07874	0.000943851
07884	0.000241907
07886	0.000302279
07908	0.000636612
07918	0.000219936
07924	0.00104137
07949	0.000779393
08003	0.00114768
08045	0.00174843
08049	6.48624e-05
08051	0.00332345
08092	0.000278412
08093	0.00170935
08130	0.000380886
08132	0.00114066
08133	0.00135697
08134	0.000391103
08145	0.0245565
08173	0.000331334
08178	0.0016202
08212	0.000251959
08263	0.00719367
08276	0.000166286
08300	0.000706822
08314	0.00309591
08363	0.000481218
08370	0.000961065
08376	0.000729602
08427	0.000131068
08434	0.0198375
08451	0.000781959
08453	0.000415831
08471	0.000438801
08482	0.000341504
08499	0.000602722
08539	0.00047182
0853A	0.000489267
08558	0.000135246
08580	0.00124697
08676	0.00105277
08686	6.12944e-05
08687	0.000208053
08747	0.000581021
08772	0.000124309
08773	0.000225155
08780	0.00118857
08826	0.00190034
08828	0.000230894
08846	0.000164043
08848	0.00160163
08854	0.0019392
08858	0.000105806
08860	7.81976e-06
08879	0.000180607
08888	0.000515513
08890	5.7998e-05
08892	0.000566773
08964	0.0087414
09010	0.000154703
09021	0.000182695
09033	0.00146642
09085	0.000396678
09182	1.51464e-05
0918A	2.69144e-05
09215	0.0017425
09217	0.000263471
09220	8.41849e-05
09225	0.000143696
09226	0.000973036
09232	0.00136148
09237	2.80179e-05
09263	0.000159399
09278	0.000301127
09283	0.000108181
09284	0.000529416
09302	8.69673e-05
09323	0.00296035
09335	0.00227092
09345	9.04181e-05
09350	0.000324296
09357	0.00487004
09360	0.00203445
09370	6.39566e-05
09417	0.00103632
09444	0.00027647
09479	0.000164708
09486	0.00477375
09503	0.00651573
09514	4.92282e-05
09529	0.00195284
09534	0.015294
09545	0.00183478
09547	3.7852e-05
09574	0.000833285
09581	0.00033811
09582	4.39901e-05
09595	0.000475621
09629	0.000996713
09658	9.44465e-05
09710	0.000180942
09738	0.00355053
09789	8.67564e-05
09803	0.000150306
09829	0.00098553
09837	0.000705591
09838	0.000120589
0987A	6.21483e-05
09881	0.000396086
09883	0.00469715
09886	0.00015048
09896	0.00135725
09906	0.000330909
09918	0.000254517
09932	0.000566263
09934	0.00027598
09951	0.000668501
