# format = weight
# date = 20220228
01346	0.000301087
01356	0.000214406
01361	0.00219681
01362	0.00310827
0137A	0.000598498
01384	0.000406814
01419	0.000306293
01454	0.000455133
01484	0.000138628
01489	0.000978095
0148A	0.00238003
01514	0.000610439
01515	3.25247e-05
01555	0.000197619
01572	0.00215899
01587	0.000682239
01607	0.000156629
01616	0.000614036
01649	0.000450752
01659	0.00215597
01678	0.00103563
01681	0.000549131
01682	0.00253277
01729	0.000100613
01763	0.000242932
01780	2.5131e-05
01783	0.0251448
01821	0.000107199
01846	0.000323213
01855	3.17289e-05
01875	0.00166942
01876	0.000143919
01953	0.000321843
01961	0.000847591
01993	0.00022062
01999	0.000407655
02007	0.00140906
02022	0.000266966
02025	0.00031233
02029	0.000273612
02047	0.00261286
02048	0.00024453
02051	4.50457e-05
02066	0.00169534
02092	0.000194334
02098	2.93765e-05
02103	0.00173507
02104	0.00263881
02167	1.70662e-05
02185	0.000888005
0219A	0.000539836
02209	0.000474313
02210	0.000380137
02239	0.00284459
02244	0.000303438
02282	0.000430474
02284	0.000360162
02300	0.00172592
02303	0.00192803
02340	6.06293e-05
02343	0.000179027
02344	0.00139138
02345	0.00433622
02364	0.000274026
02365	5.98196e-05
02421	0.000230512
02425	0.00246184
02432	0.000105282
02449	0.000196274
02452	0.000192271
02482	8.28739e-05
02494	0.000646403
02511	0.000157964
02527	0.000695937
02562	4.5327e-05
02565	0.000126224
02571	0.00206518
02572	0.000495887
02618	6.65672e-05
02630	0.000510714
02638	0.000264721
02649	0.000287907
02654	0.000576279
02681	0.000115413
02694	0.000336361
02730	0.000409589
02732	0.00178823
02768	0.000156671
02787	0.000579465
02802	0.000284255
02826	0.000945308
0283A	0.000786234
02852	0.000911561
02859	0.000772405
02876	0.00166229
02891	0.00083223
02938	0.000135284
02944	0.00141154
02962	0.00677204
0296A	0.00406106
02973	1.70852e-05
02988	0.000206405
03007	0.000122125
03015	0.000433319
03073	0.00677839
03152	0.00547443
03195	5.29629e-05
03234	0.000183855
03268	0.00459473
03281	0.000925662
03284	0.000394979
03297	0.000439265
03302	0.021889
03323	4.58638e-05
03356	0.0001295
03357	0.00168116
03438	0.0020395
03467	0.000451531
03476	0.00123979
03514	0.0010723
03531	0.000120224
03546	0.000269161
03558	0.000234905
0355A	0.000227218
03581	0.000782378
03585	0.000210579
03617	5.61998e-05
03619	0.000207857
03628	0.00052133
03664	0.000592001
03672	0.000615732
03683	0.00337187
03690	0.00382824
03696	7.61427e-05
03729	0.000377986
03754	0.000648922
03755	6.62016e-05
03762	0.00685831
03764	0.000751174
03773	0.000282206
03776	0.00396531
03797	0.00154306
03805	0.00275173
03809	0.000223299
03815	0.00228635
03832	0.000135741
03846	0.00088957
03853	0.00193458
03864	0.00199327
03877	0.000332473
03880	4.69717e-05
03920	0.000263428
03944	0.00444134
03961	0.000210051
03962	0.000872607
03967	0.000268756
03981	0.00112918
03982	0.000855227
03983	0.000821429
04031	0.000382602
04055	6.22794e-05
04058	0.015342
04062	5.15002e-05
04071	0.0012246
04090	0.00293563
04119	0.000263251
04170	0.000198685
04177	0.00819087
04194	0.000513401
0419A	0.000328025
04209	0.000351366
0423A	5.70195e-05
04274	0.00376756
04300	0.000269937
04308	0.00030869
04319	0.000369168
04333	0.000170392
04347	0.00011139
04362	3.70469e-05
04392	0.000790668
04426	0.0003003
04435	0.000126786
04465	0.00239928
04474	0.00247342
04482	1.17152e-05
04524	0.000289958
04529	0.000143367
04549	0.00102267
04578	0.000353711
04662	0.00378431
04666	4.17527e-05
04689	0.000219643
04703	9.46236e-05
04713	0.00130305
0471A	0.000908405
04762	0.000231643
04779	6.56248e-05
04810	0.000616977
04818	0.000293444
04854	0.0102248
04863	0.00714503
04865	0.0007664
04873	2.07893e-05
04885	0.000277848
04894	4.63905e-05
04897	0.00443577
04907	0.00428802
04911	0.000457392
04913	0.00165693
04922	0.000838578
04940	0.00138532
04966	0.0169075
04971	0.000448527
04987	0.000116195
04998	0.000356655
05005	0.00128294
05011	0.000773695
05012	0.00497266
05020	2.64339e-05
05027	0.0018031
05045	0.000338694
05049	0.000961592
05078	0.00365439
05092	0.00356534
05102	0.00025892
05108	0.00258761
05115	0.000800804
05131	0.000387902
05145	0.00114691
05168	8.16731e-05
05180	7.56962e-06
05183	0.00171737
05189	0.00021677
05198	0.00722886
05215	0.000388229
05244	0.000357412
05282	0.00207872
05285	0.00120814
05316	0.000197623
05349	0.00168715
05373	0.00753058
05388	0.000462778
05417	0.00053555
05420	0.000293203
05423	0.000306143
05429	0.000209001
05435	0.00137323
05476	0.000374497
05481	0.0128555
05484	0.000179854
0554A	0.000796224
05556	8.33206e-05
05579	2.61666e-05
05580	0.00229665
05581	3.23038e-05
05624	3.70823e-05
05681	0.00165369
05702	6.95517e-05
05744	0.000261339
05764	2.00386e-05
05769	0.000385149
05773	0.00146299
05816	0.000173547
05821	0.00238438
05855	0.000140707
05859	0.000281871
05866	7.6339e-05
05868	0.000834596
05881	0.00175669
05910	0.000354964
05915	3.39835e-05
05920	1.01886e-05
05928	0.000791168
05957	0.00215598
05960	0.000875363
05964	9.14047e-05
05969	0.000742845
05978	0.00048239
05984	0.00292922
06039	2.43666e-05
06106	0.00163592
06135	0.000458876
06154	0.000276668
06172	3.81481e-05
06184	0.000336975
06224	0.00604825
06257	0.000301567
0626A	3.34432e-05
06297	0.00074102
06347	0.00423097
06402	0.0002655
06418	0.00265444
06423	7.71793e-05
06435	0.000232374
06454	0.000773547
06466	0.000835403
06489	0.00122931
06494	0.00409517
06533	0.00104877
06536	8.8145e-05
06538	9.00643e-05
06544	0.000393284
06562	0.000284661
06616	0.000869552
06671	0.000435257
06694	0.00050293
0671A	0.00272776
06735	6.05945e-05
06737	0.00235069
0673A	0.00029505
06751	0.00126524
06770	0.00409402
06777	0.000637884
06792	0.00100652
06801	0.0018285
06808	0.00224707
06837	0.000291007
06842	0.000646783
06862	0.0028727
06882	0.000292104
06908	0.000808484
06918	0.000115567
06920	0.000804971
06925	0.0300447
06939	0.00113505
06967	0.00219734
06976	0.000300746
06977	0.00014149
07005	9.67234e-05
07045	0.00559715
07079	0.183855
07081	7.79984e-05
07084	0.000755387
07123	7.12451e-05
07136	0.000535865
07173	3.36363e-05
07201	5.98596e-05
07230	0.000148033
07249	0.000508819
07272	0.0036539
07283	0.00553686
07290	6.08207e-05
07311	0.000557321
07321	0.000187608
07379	0.000200229
07393	0.00510245
07416	0.0012833
07429	0.00592139
07433	0.00363012
07440	0.000337644
07461	0.0226558
07486	0.00313764
07490	0.000158308
07506	0.00252923
07558	0.010746
07585	0.000296289
07602	0.000528344
07609	0.00641162
07619	0.000279111
07636	4.24612e-05
07637	0.030628
07642	0.0199636
07645	0.0002833
07647	0.00121932
07655	0.00747066
07663	6.34925e-05
07665	0.000102893
07685	0.00397515
07694	0.000203036
07697	0.00073881
07719	0.000519967
07726	0.000663679
07739	0.0125062
07772	0.0010256
07786	0.000653264
07788	0.000616491
07790	0.000486031
07816	0.00177656
07845	2.12428e-05
07853	0.000972305
07872	0.00199604
07874	0.000986532
07884	0.000252846
07886	0.000315948
07908	0.000665399
07918	0.000229881
07924	0.00108846
08003	0.00119958
08044	0.000107843
08045	0.0018275
08049	6.77955e-05
08051	0.00347373
08093	0.00178665
08130	0.00039811
08132	0.00119224
08133	0.00141834
08134	0.000408789
08145	0.025667
08173	0.000346317
08178	0.00169347
08210	0.000158416
08212	0.000263353
08263	0.00751897
08276	0.000173806
08300	0.000738784
08314	0.00323591
08349	0.000373829
08353	4.83683e-05
08363	0.000502978
08370	0.00100452
08376	0.000762594
08427	0.000136995
08434	0.0207345
08451	0.000817319
08471	0.000458644
08482	0.000356946
08499	0.000629978
08512	5.12246e-05
08539	0.000493156
0853A	0.000511392
08558	0.000141362
08580	0.00130335
08594	0.00436017
08676	0.00110037
08687	0.000217462
08747	0.000607295
08773	0.000235337
08780	0.00124232
08846	0.000171461
08848	0.00167406
08854	0.00202689
08858	0.000110591
08860	8.17337e-06
08879	0.000188774
08888	0.000538825
08890	6.06206e-05
08892	0.000592403
08913	0.00150812
08964	0.00913669
09010	0.000161699
09021	0.000190956
09033	0.00153273
09055	0.000712969
09072	0.000435816
09085	0.000414616
09182	1.58313e-05
0918A	2.81315e-05
09215	0.0018213
09217	0.000275385
09220	8.79918e-05
09221	4.15269e-05
09225	0.000150194
09226	0.00101704
09232	0.00142305
09263	0.000166607
09265	0.00151634
09268	0.00175996
09278	0.000314744
09283	0.000113073
09284	0.000553357
09302	9.08999e-05
09313	0.00055521
09335	0.00237361
09350	0.00033896
09357	0.00509027
09360	0.00212644
09370	6.68487e-05
09417	0.00108318
09444	0.000288972
09479	0.000172156
09503	0.00681037
09514	5.14543e-05
09529	0.00204115
09534	0.0159856
09545	0.00191774
09547	3.95637e-05
09574	0.000870966
09581	0.000353399
09582	4.59794e-05
09595	0.000497129
09597	0.00011022
09599	0.000785929
09629	0.00104178
09658	9.87174e-05
09693	0.00108964
09710	0.000189124
09730	0.000274954
09738	0.00371108
09766	2.3632e-05
09789	9.06795e-05
09803	0.000157103
09837	0.000737498
09838	0.000126042
0987A	6.49587e-05
09883	0.00490955
09886	0.000157284
09896	0.00141863
09906	0.000345873
09918	0.000266026
09932	0.000591869
09934	0.00028846
09951	0.000698731
09982	5.6184e-05
09986	9.13752e-05
