# format = weight
# date = 20220930
01346	0.000319236
01356	0.00022733
01361	0.00232923
01362	0.00329563
0137A	0.000634575
01384	0.000431337
01419	0.000324756
01454	0.000482569
01464	0.000242012
01482	0.000922985
01484	0.000146985
01488	0.000675764
01489	0.00103705
0148A	0.0025235
01492	5.79653e-05
01514	0.000647236
01515	3.44853e-05
01572	0.00228913
01587	0.000723364
01607	0.00016607
01649	0.000477923
01659	0.00228593
01678	0.00109805
01681	0.000582232
01682	0.00268545
01763	0.000257576
01780	2.66459e-05
01783	0.0266605
01821	0.000113661
01846	0.000342696
01855	3.36415e-05
01875	0.00177005
01876	0.000152594
01926	0.000811084
01953	0.000341244
01961	0.000898683
01993	0.000233918
01999	0.000432228
02007	0.00149399
02022	0.000283059
02025	0.000331157
02048	0.000259271
02051	4.7761e-05
02066	0.00179753
02071	0.000350069
02092	0.000206048
02098	3.11473e-05
02103	0.00183966
02104	0.00279788
02167	1.8095e-05
02180	0.000310847
0219A	0.000572377
02209	0.000502905
02210	0.000403052
02216	0.000909315
02244	0.000321729
02281	9.72823e-05
02282	0.000456423
02284	0.000381873
02300	0.00182996
02303	0.00204425
02325	7.06998e-05
02343	0.000189818
02345	0.00459761
02359	9.64661e-05
02364	0.000290544
02421	0.000244407
02425	0.00261024
02432	0.000111628
02449	0.000208105
02482	8.78695e-05
02494	0.000685368
02511	0.000167486
02527	0.000737888
02544	6.38754e-05
02562	4.80593e-05
02563	0.00278743
02565	0.000133833
02571	0.00218966
02572	0.000525778
02585	0.0012569
02605	0.00573027
02630	0.000541499
02638	0.000280678
02654	0.000611017
02681	0.00012237
02694	0.000356636
02725	0.00010417
02730	0.000434279
02732	0.00189602
02768	0.000166115
02787	0.000614395
02802	0.00030139
02826	0.00100229
02831	0.000183012
0283A	0.000833628
02852	0.00096651
02859	0.000818965
02876	0.00176249
02891	0.000882396
02938	0.000143438
02944	0.00149663
02962	0.00718026
0296A	0.00430586
02973	1.81151e-05
02988	0.000218847
02989	0.000735147
03007	0.000129486
03015	0.000459439
03073	0.00718698
03152	0.00580442
03195	5.61555e-05
03259	0.004905
03268	0.0048717
03281	0.000981461
03284	0.000418788
03297	0.000465743
03323	4.86285e-05
03342	0.00165059
03349	0.000219712
03357	0.0017825
03455	0.00104946
03476	0.00131452
03514	0.00113694
03531	0.000127471
03546	0.000285386
0355A	0.000240915
03569	0.000671381
03581	0.000829539
03585	0.000223273
03617	5.95875e-05
03619	0.000220387
03628	0.000552756
03664	0.000627686
03672	0.000652848
03690	0.004059
03696	8.07326e-05
03729	0.000400771
03755	7.01922e-05
03762	0.00727172
03764	0.000796455
03776	0.00420433
03805	0.00291761
03809	0.00023676
03815	0.00242417
03832	0.000143923
03846	0.000943193
03853	0.0020512
03864	0.00211342
03877	0.000352514
03920	0.000279307
03961	0.000222713
03962	0.000925208
03967	0.000284957
03981	0.00119725
03982	0.000906779
03983	0.000870944
03988	8.4047e-05
04006	8.29358e-05
04007	0.000156567
04031	0.000405665
0404A	0.000424902
04055	6.60336e-05
04058	0.0162669
04062	5.46046e-05
04090	0.00311259
04119	0.00027912
04149	0.000133679
04170	0.000210662
04177	0.00868461
04194	0.000544349
0419A	0.000347799
04209	0.000372546
0423A	6.04566e-05
04300	0.000286209
04308	0.000327297
04319	0.000391422
04333	0.000180663
04347	0.000118104
04362	3.92801e-05
04392	0.00083833
04435	0.000134429
04465	0.00254391
04474	0.00262251
04482	1.24214e-05
04524	0.000307436
04529	0.000152009
04549	0.00108431
04578	0.000375033
04662	0.00401243
04666	4.42695e-05
04676	0.000256264
04689	0.000232883
04703	0.000100328
04713	0.0013816
0471A	0.000963163
04762	0.000245607
04779	6.95806e-05
04784	0.00166085
04810	0.000654168
04818	0.000311133
04854	0.0108412
04863	0.00757573
04865	0.000812598
04873	2.20424e-05
04885	0.000294597
04894	4.91869e-05
04897	0.00470316
04907	0.0045465
04911	0.000484963
04913	0.00175681
04918	0.00216179
04922	0.000889127
04966	0.0179267
04987	0.0001232
04994	0.000443188
04998	0.000378154
05005	0.00136027
05008	0.0123124
05011	0.000820333
05020	2.80273e-05
05027	0.00191179
05045	0.00035911
05049	0.00101956
05092	0.00378026
05102	0.000274527
05108	0.00274359
05131	0.000411284
05180	8.02591e-06
05183	0.00182089
05198	0.00766461
05215	0.000411631
05222	4.10048e-05
05244	0.000378956
05284	0.000172415
05285	0.00128096
05316	0.000209535
05349	0.00178885
05369	3.01063e-05
05373	0.00798452
05388	0.000490674
05407	0.000199466
05416	0.00177618
05417	0.000567832
05420	0.000310877
05423	0.000324597
05429	0.000221599
05435	0.00145601
05458	0.00215061
05463	0.000919164
05476	0.000397071
05481	0.0136304
05484	0.000190696
0554A	0.00084422
05556	8.83431e-05
05569	0.000241504
05579	2.77439e-05
05580	0.00243509
05581	3.42511e-05
05624	3.93176e-05
05659	0.00514905
05681	0.00175338
05702	7.37442e-05
0572A	0.00157051
05744	0.000277092
05764	2.12465e-05
05769	0.000408365
05773	0.00155117
05816	0.000184008
05821	0.00252811
0583A	0.000974198
05855	0.000149189
05859	0.000298862
05866	8.09406e-05
05868	0.000884905
05873	0.00250977
05874	0.000214262
05886	0.00116948
05910	0.000376361
05915	3.6032e-05
05920	1.08028e-05
05928	0.000838859
05957	0.00228595
05960	0.00092813
05964	9.69145e-05
05978	0.000511468
05984	0.00310579
05988	0.000148217
06039	2.58354e-05
06106	0.00173453
06135	0.000486537
06154	0.000293345
06172	4.04477e-05
06184	0.000357288
06224	0.00641284
06257	0.000319745
06263	0.000562468
06264	0.00195063
0626A	3.54592e-05
06277	0.00144392
06297	0.000785689
06347	0.00448601
06402	0.000281504
06418	0.00281445
06423	8.18316e-05
06435	0.000246382
06437	0.00283181
06466	0.00088576
06477	0.000714222
06489	0.00130341
06494	0.00434202
06517	0.00136986
06533	0.00111199
06536	9.34583e-05
06544	0.000416991
06559	0.000182294
06562	0.00030182
06616	0.000921968
06671	0.000461494
06694	0.000533246
06735	6.42471e-05
06737	0.00249239
0673A	0.000312836
06751	0.00134151
06792	0.00106719
06801	0.00193872
06808	0.00238252
06832	0.0191553
06837	0.000308549
06842	0.000685771
06882	0.000309711
06886	0.000462636
06908	0.000857219
06914	0.000470806
06918	0.000122533
06920	0.000853495
06939	0.00120347
06976	0.000318875
06977	0.000150019
06981	0.000495497
07005	0.000102554
07045	0.00593454
07079	0.194938
07081	8.27001e-05
07084	0.000800922
07123	7.55398e-05
07136	0.000568167
07173	3.56639e-05
07201	6.34679e-05
07230	0.000156957
07249	0.000539491
07272	0.00387416
07283	0.00587062
07290	6.4487e-05
07311	0.000590916
07321	0.000198917
07379	0.000212299
07393	0.00541002
07416	0.00136066
07429	0.00627833
07433	0.00384894
07461	0.0240214
07486	0.00332678
07490	0.00016785
07506	0.00268169
07508	0.000529286
07558	0.0113938
07585	0.000314149
07602	0.000560192
07609	0.00679811
07619	0.000295936
07636	4.50207e-05
07642	0.021167
07645	0.000300378
07647	0.00129282
07655	0.00792099
07658	0.00119307
07663	6.73198e-05
07665	0.000109095
07685	0.00421477
07697	0.000783345
07719	0.00055131
07726	0.000703685
07739	0.0132601
07772	0.00108743
07786	0.000692643
07790	0.000515328
07816	0.00188365
07845	2.25233e-05
07853	0.00103092
07861	0.000352142
07872	0.00211636
07884	0.000268088
07886	0.000334994
07908	0.000705509
07918	0.000243738
07924	0.00115407
07949	0.000863743
08003	0.00127189
08044	0.000114344
08045	0.00193766
08049	7.18821e-05
08051	0.00368313
08092	0.000308543
08093	0.00189435
08130	0.000422108
08132	0.00126411
08134	0.00043343
08145	0.0272141
08155	0.000231942
08173	0.000367193
08178	0.00179555
08210	0.000167966
08258	0.00115217
08263	0.00797221
08276	0.000184283
08314	0.00343096
08349	0.000396363
08353	5.12839e-05
08363	0.000533298
08370	0.00106508
08376	0.000808563
08427	0.000145253
08434	0.0219844
08451	0.000866587
08453	0.000460835
08471	0.000486291
08482	0.000378463
08499	0.000667952
08512	5.43124e-05
08539	0.000522883
0853A	0.000542218
08558	0.000149883
08580	0.00138192
08594	0.004623
08676	0.0011667
08686	6.7928e-05
08687	0.00023057
08712	0.00157334
08747	0.000643902
08772	0.000137762
08773	0.000249523
08780	0.0013172
08826	0.00210601
08828	0.000255882
08846	0.000181797
08848	0.00177497
08854	0.00214907
08858	0.000117257
08860	8.66606e-06
08888	0.000571305
08892	0.000628113
08913	0.00159902
08964	0.00968745
09010	0.000171446
09021	0.000202467
09033	0.00162512
09055	0.000755946
09072	0.000462086
09085	0.000439608
09182	1.67856e-05
0918A	2.98272e-05
09215	0.00193108
09217	0.000291985
09220	9.32959e-05
09221	4.40301e-05
09226	0.00107834
09232	0.00150883
09237	3.10502e-05
09263	0.00017665
09265	0.00160775
09283	0.000119889
09284	0.000586713
09302	9.63793e-05
09313	0.000588678
09345	0.000100204
09350	0.000359393
09357	0.00539711
09360	0.00225462
09370	7.08783e-05
09417	0.00114848
09444	0.000306391
09479	0.000182533
09486	0.00529039
09503	0.0072209
09529	0.00216419
09534	0.0169492
09545	0.00203334
09547	4.19486e-05
09574	0.000923467
09581	0.000374702
09595	0.000527096
09597	0.000116864
09599	0.000833304
09629	0.00110458
09658	0.000104668
09693	0.00115532
09710	0.000200525
09730	0.000291528
09738	0.00393479
09766	2.50565e-05
09788	0.000703707
09803	0.000166573
09829	0.00109219
09837	0.000781954
09838	0.000133639
0987A	6.88743e-05
09881	0.000438953
09886	0.000166765
09896	0.00150414
09906	0.000366722
09932	0.000627547
09934	0.000305848
09951	0.00074085
09982	5.95708e-05
09986	9.68833e-05
