# format = weight
# date = 20221130
01346	0.000297225
01356	0.000211656
01361	0.00216863
0137A	0.000590822
01384	0.000401597
01419	0.000302365
01454	0.000449296
01464	0.000225325
01482	0.000859347
01484	0.00013685
01488	0.000629171
01489	0.000965551
0148A	0.00234951
01492	5.39687e-05
01514	0.00060261
01515	3.21075e-05
01555	0.000195085
01572	0.0021313
01587	0.000673489
01616	0.000606161
01649	0.000444971
01659	0.00212832
01678	0.00102234
01681	0.000542088
01682	0.00250029
01763	0.000239817
01780	2.48087e-05
01783	0.0248223
01821	0.000105824
01846	0.000319067
01855	3.1322e-05
01875	0.00164801
01876	0.000142073
01926	0.000755161
01953	0.000317716
01961	0.00083672
01993	0.00021779
01995	0.00990779
01999	0.000402426
02022	0.000263542
02025	0.000308324
02029	0.000270102
02047	0.00257935
02048	0.000241394
02051	4.4468e-05
02066	0.0016736
02092	0.000191841
02104	0.00260497
02167	1.68474e-05
02180	0.000289414
02185	0.000876616
0219A	0.000532912
02209	0.00046823
02210	0.000375262
02216	0.000846619
02239	0.0028081
02281	9.05748e-05
02282	0.000424953
02284	0.000355543
02303	0.0019033
02325	6.58251e-05
02340	5.98517e-05
02343	0.000176731
02344	0.00137353
02345	0.00428061
02359	8.98149e-05
02421	0.000227555
02425	0.00243027
02432	0.000103932
02449	0.000193757
02452	0.000189805
02473	0.000393535
02494	0.000638113
02505	0.000642122
02511	0.000155938
02527	0.000687011
02544	5.94712e-05
02562	4.47457e-05
02563	0.00259524
02565	0.000124605
02571	0.00203869
02572	0.000489527
02585	0.00117024
02605	0.00533517
02618	6.57134e-05
02630	0.000504164
02638	0.000261326
02649	0.000284214
02654	0.000568888
02681	0.000113933
02684	0.000137093
02694	0.000332047
02725	9.69875e-05
02730	0.000404336
02732	0.0017653
02768	0.000154661
02787	0.000572033
02802	0.000280609
02813	0.0101305
02826	0.000933184
02831	0.000170393
0283A	0.000776151
02852	0.00089987
02859	0.000762499
02876	0.00164097
02891	0.000821556
02938	0.000133549
02944	0.00139344
02962	0.00668519
0296A	0.00400898
02973	1.68661e-05
02988	0.000203758
02989	0.00068446
03007	0.000120559
03015	0.000427762
03073	0.00669145
03152	0.00540422
03160	0.000262129
03195	5.22836e-05
03234	0.000181497
03244	0.00103101
03259	0.00456681
03268	0.0045358
03281	0.00091379
03297	0.000433631
03302	0.0216083
03323	4.52756e-05
03342	0.00153679
03349	0.000204563
03356	0.000127839
03438	0.00201334
03455	0.000977097
03467	0.00044574
03476	0.00122389
03495	0.000152123
03531	0.000118682
03546	0.000265709
03558	0.000231893
0355A	0.000224304
03569	0.00062509
03581	0.000772343
03585	0.000207878
03617	5.5479e-05
03619	0.000205192
03628	0.000514644
03664	0.000584408
03669	0.000247233
03690	0.00377914
03729	0.000373138
03754	0.000640599
03755	6.53526e-05
03762	0.00677035
03764	0.00074154
03773	0.000278586
03776	0.00391445
03797	0.00152327
03805	0.00271644
03809	0.000220436
03815	0.00225703
03832	0.000134
03853	0.00190977
03864	0.0019677
03877	0.000328209
03880	4.63693e-05
03920	0.00026005
03944	0.00438438
03961	0.000207357
03962	0.000861416
03988	7.82521e-05
04006	7.72175e-05
04007	0.000145772
04031	0.000377695
0404A	0.000395606
04055	6.14807e-05
04058	0.0151453
04062	5.08397e-05
04071	0.0012089
04090	0.00289798
04149	0.000124462
04170	0.000196137
04177	0.00808582
04194	0.000506816
0419A	0.000323818
04209	0.00034686
0423A	5.62882e-05
04300	0.000266475
04308	0.000304731
04319	0.000364434
04333	0.000168207
04362	3.65718e-05
04392	0.000780528
04435	0.00012516
04465	0.00236851
04474	0.00244169
04482	1.1565e-05
04524	0.000286239
04529	0.000141528
04549	0.00100955
04578	0.000349175
04662	0.00373578
04666	4.12172e-05
04676	0.000238595
0467A	3.30184e-05
04689	0.000216826
04703	9.34101e-05
04713	0.00128634
04779	6.47831e-05
04784	0.00154634
04810	0.000609064
04818	0.00028968
04863	0.0070534
04865	0.000756571
04873	2.05227e-05
04885	0.000274285
04894	4.57956e-05
04907	0.00423303
04911	0.000451526
04913	0.00163568
04918	0.00201274
04940	0.00136756
04966	0.0166907
04971	0.000442775
04987	0.000114705
04994	0.000412631
05005	0.00126648
05008	0.0114635
05011	0.000763772
05045	0.00033435
05049	0.00094926
05078	0.00360752
05092	0.00351961
05102	0.000255599
05108	0.00255442
05115	0.000790534
05131	0.000382927
05145	0.0011322
05180	7.47253e-06
05183	0.00169534
05189	0.000213989
05198	0.00713615
05222	3.81776e-05
05244	0.000352828
05282	0.00205206
05284	0.000160527
05285	0.00119264
05316	0.000195088
05349	0.00166551
05369	2.80305e-05
05373	0.007434
05407	0.000185713
05416	0.00165371
05417	0.000528681
05420	0.000289442
05423	0.000302217
05429	0.00020632
05435	0.00135562
05458	0.00200233
05463	0.000855789
05476	0.000369694
05481	0.0126906
05484	0.000177547
0554A	0.000786012
05556	8.2252e-05
05569	0.000224852
05579	2.5831e-05
05580	0.0022672
05581	3.18895e-05
05624	3.66067e-05
05654	0.000830399
05659	0.00479403
05681	0.00163248
05744	0.000257987
05764	1.97816e-05
05769	0.000380209
05773	0.00144422
05816	0.000171321
05821	0.0023538
0583A	0.000907028
05855	0.000138902
05859	0.000278256
05868	0.000823892
05873	0.00233673
05874	0.000199489
05881	0.00173416
05886	0.00108885
05910	0.000350412
05920	1.0058e-05
05928	0.000781021
05957	0.00212833
05969	0.000733318
05978	0.000476203
05984	0.00289165
05988	0.000137998
06039	2.40541e-05
06061	0.00456659
06106	0.00161494
06135	0.00045299
06154	0.000273119
06172	3.76588e-05
06224	0.00597068
06257	0.000297699
06263	0.000523687
06264	0.00181613
06277	0.00134437
06347	0.00417671
06418	0.00262039
06423	7.61895e-05
06435	0.000229394
06437	0.00263656
06454	0.000763626
06466	0.000824688
06477	0.000664977
06494	0.00404265
06536	8.70145e-05
06538	8.89092e-05
06544	0.00038824
06559	0.000169725
06562	0.00028101
06694	0.00049648
0671A	0.00269278
06735	5.98173e-05
06737	0.00232054
0673A	0.000291266
06751	0.00124901
06770	0.00404152
06777	0.000629703
06792	0.000993613
06801	0.00180505
06808	0.00221825
06832	0.0178346
06837	0.000287275
06862	0.00283586
06882	0.000288357
06908	0.000798114
06914	0.000438345
06918	0.000114085
06920	0.000794647
06939	0.0011205
06967	0.00216916
06976	0.000296889
06977	0.000139675
07017	0.00264245
07045	0.00552536
07079	0.181498
07081	7.69981e-05
07084	0.000745699
07103	0.00286733
07123	7.03314e-05
07136	0.000528993
07230	0.000146135
07249	0.000502294
07272	0.00360704
07283	0.00546585
07290	6.00407e-05
07321	0.000185202
07379	0.000197661
07393	0.00503701
07416	0.00126685
07429	0.00584544
07433	0.00358356
07440	0.000333314
07461	0.0223652
07486	0.0030974
07490	0.000156277
07506	0.00249679
07508	0.000492792
07585	0.000292489
07602	0.000521568
07609	0.00632939
07619	0.000275532
07636	4.19166e-05
07637	0.0302352
07642	0.0197075
07645	0.000279667
07655	0.00737485
07658	0.00111081
07663	6.26782e-05
07665	0.000101573
07685	0.00392416
07694	0.000200432
07719	0.000513298
07726	0.000655167
07739	0.0123458
07772	0.00101245
07786	0.000644886
07790	0.000479797
07816	0.00175377
07845	2.09703e-05
07853	0.000959835
07861	0.000327862
07872	0.00197044
07874	0.00097388
07884	0.000249603
07886	0.000311896
07908	0.000656865
07918	0.000226933
07924	0.0010745
07949	0.000804189
08003	0.00118419
08044	0.00010646
08045	0.00180406
08049	6.6926e-05
08092	0.00028727
08093	0.00176374
08130	0.000393004
08132	0.00117695
08133	0.00140014
08145	0.0253378
08155	0.000215949
08173	0.000341876
08178	0.00167175
08210	0.000156385
08212	0.000259975
08258	0.00107273
08263	0.00742253
08276	0.000171577
08300	0.000729309
08314	0.0031944
08349	0.000369034
08353	4.7748e-05
08363	0.000496528
08370	0.000991641
08427	0.000135238
08434	0.0204686
08451	0.000806837
08471	0.000452762
08482	0.000352368
08512	5.05676e-05
08539	0.000486831
0853A	0.000504833
08558	0.000139549
08580	0.00128664
08594	0.00430425
08676	0.00108626
08686	6.32444e-05
08687	0.000214673
08712	0.00146486
08747	0.000599506
08772	0.000128264
08773	0.000232319
08780	0.00122638
08828	0.00023824
08846	0.000169262
08848	0.00165259
08854	0.00200089
08858	0.000109173
08860	8.06854e-06
08879	0.000186353
08888	0.000531914
08890	5.98432e-05
08892	0.000584805
08964	0.00901951
09010	0.000159625
09021	0.000188507
09033	0.00151307
09072	0.000430226
09085	0.000409298
09182	1.56283e-05
0918A	2.77707e-05
09217	0.000271853
09220	8.68632e-05
09225	0.000148267
09226	0.00100399
09232	0.0014048
09237	2.89093e-05
09263	0.00016447
09265	0.0014969
09268	0.00173739
09278	0.000310708
09283	0.000111623
09284	0.00054626
09302	8.97341e-05
09313	0.00054809
09323	0.00305453
09335	0.00234317
09345	9.32947e-05
09350	0.000334613
09357	0.00502498
09360	0.00209917
09370	6.59914e-05
09444	0.000285265
09479	0.000169948
09503	0.00672303
09514	5.07944e-05
09529	0.00201497
09534	0.0157806
09545	0.00189315
09547	3.90563e-05
09574	0.000859795
09581	0.000348867
09582	4.53897e-05
09595	0.000490753
09597	0.000108806
09599	0.000775849
09629	0.00102842
09693	0.00107567
09710	0.000186699
09730	0.000271427
09738	0.00366349
09788	0.000655188
09789	8.95165e-05
09803	0.000155088
09837	0.000728039
09838	0.000124425
0987A	6.41255e-05
09881	0.000408687
09883	0.00484658
09886	0.000155267
09896	0.00140043
09906	0.000341437
09918	0.000262615
09934	0.000284761
09951	0.00068977
09982	5.54634e-05
09986	9.02033e-05
