# format = weight
# date = 20220531
01346	0.000296774
01356	0.000211335
01361	0.00216534
01362	0.00306375
0137A	0.000589925
01384	0.000400987
01419	0.000301906
01454	0.000448614
01482	0.000858043
01484	0.000136643
01489	0.000964085
0148A	0.00234594
01492	5.38868e-05
01514	0.000601696
01515	3.20588e-05
01555	0.000194789
01587	0.000672467
01607	0.000154385
01616	0.000605241
01649	0.000444295
01659	0.00212509
01678	0.00102079
01682	0.00249649
01729	9.91714e-05
01763	0.000239453
01780	2.4771e-05
01783	0.0247846
01846	0.000318583
01876	0.000141857
01926	0.000754015
01953	0.000317234
01961	0.000835451
01995	0.00989276
01999	0.000401816
02007	0.00138887
02022	0.000263142
02025	0.000307857
02029	0.000269693
02047	0.00257544
02048	0.000241028
02051	4.44005e-05
02066	0.00167106
02092	0.00019155
02098	2.89557e-05
02103	0.00171022
02104	0.00260102
02167	1.68218e-05
02180	0.000288975
02185	0.000875286
0219A	0.000532104
02209	0.00046752
02210	0.000374693
02216	0.000845334
02239	0.00280384
02244	0.000299092
02281	9.04374e-05
02282	0.000424308
02284	0.000355004
02300	0.0017012
02303	0.00190041
02325	6.57252e-05
02343	0.000176462
02344	0.00137145
02345	0.00427411
02359	8.96786e-05
02364	0.000270101
02365	5.89628e-05
02421	0.00022721
02425	0.00242658
02432	0.000103774
02452	0.000189517
02473	0.000392938
02482	8.16868e-05
02494	0.000637144
02505	0.000641148
02511	0.000155701
02527	0.000685969
02544	5.9381e-05
02563	0.00259131
02565	0.000124416
02571	0.0020356
02572	0.000488784
02618	6.56137e-05
02630	0.000503399
02638	0.000260929
02649	0.000283783
02654	0.000568025
02681	0.00011376
02684	0.000136885
02694	0.000331543
02725	9.68403e-05
02730	0.000403722
02732	0.00176262
02768	0.000154427
02776	0.00070976
02787	0.000571165
02813	0.0101151
02826	0.000931768
02831	0.000170135
0283A	0.000774973
02852	0.000898505
02859	0.000761342
02876	0.00163848
02891	0.000820309
02938	0.000133346
02944	0.00139132
02962	0.00667504
02973	1.68405e-05
02988	0.000203448
02989	0.000683421
03015	0.000427113
03073	0.0066813
03152	0.00539602
03195	5.22043e-05
03234	0.000181222
03259	0.00455988
03268	0.00452892
03297	0.000432973
03302	0.0215755
03323	4.52069e-05
03342	0.00153446
03349	0.000204252
03356	0.000127645
03357	0.00165708
03438	0.00201029
03455	0.000975614
03467	0.000445063
03495	0.000151892
03514	0.00105695
03531	0.000118502
03546	0.000265306
03558	0.000231541
0355A	0.000223964
03569	0.000624142
03581	0.000771171
03585	0.000207563
03617	5.53948e-05
03619	0.00020488
03628	0.000513863
03664	0.000583521
03669	0.000246858
03672	0.000606913
03683	0.00332358
03690	0.0037734
03696	7.50521e-05
03729	0.000372572
03754	0.000639627
03755	6.52534e-05
03773	0.000278163
03776	0.00390851
03797	0.00152096
03805	0.00271232
03809	0.000220101
03832	0.000133797
03846	0.000876828
03853	0.00190687
03877	0.000327711
03880	4.62989e-05
03920	0.000259655
03944	0.00437773
03962	0.000860109
03981	0.00111301
03982	0.000842977
03983	0.000809663
03988	7.81333e-05
04006	7.71003e-05
04007	0.00014555
0404A	0.000395006
04058	0.0151223
04062	5.07625e-05
04071	0.00120706
04090	0.00289358
04119	0.00025948
04149	0.000124273
04170	0.000195839
04177	0.00807355
04194	0.000506047
0419A	0.000323327
04209	0.000346333
0423A	5.62028e-05
04274	0.0037136
04300	0.000266071
04308	0.000304268
04319	0.000363881
04333	0.000167952
04362	3.65163e-05
04392	0.000779344
04426	0.000295999
04435	0.00012497
04465	0.00236491
04474	0.00243799
04524	0.000285805
04529	0.000141314
04549	0.00100802
04578	0.000348645
04662	0.00373011
04666	4.11546e-05
04676	0.000238233
0467A	3.29683e-05
04689	0.000216497
04703	9.32683e-05
04713	0.00128439
0471A	0.000895394
04762	0.000228325
04779	6.46848e-05
04784	0.00154399
04810	0.00060814
04818	0.000289241
04854	0.0100784
04863	0.00704269
04865	0.000755423
04873	2.04915e-05
04885	0.000273868
04894	4.57261e-05
04911	0.000450841
04913	0.00163319
04918	0.00200968
04922	0.000826567
04966	0.0166654
04971	0.000442103
04987	0.000114531
04994	0.000412005
04998	0.000351546
05005	0.00126456
05011	0.000762613
05012	0.00490143
05020	2.60553e-05
05027	0.00177728
05045	0.000333843
05049	0.000947819
05078	0.00360205
05092	0.00351427
05102	0.000255211
05108	0.00255055
05115	0.000789334
05131	0.000382346
05168	8.05033e-05
05180	7.46119e-06
05183	0.00169277
05189	0.000213665
05198	0.00712532
05215	0.000382668
05222	3.81197e-05
05282	0.00204894
05284	0.000160284
05285	0.00119083
05316	0.000194792
05349	0.00166298
05369	2.7988e-05
05373	0.00742272
05388	0.000456149
05407	0.000185431
05416	0.0016512
05417	0.000527879
05420	0.000289003
05423	0.000301758
05458	0.00199929
05463	0.000854491
05476	0.000369133
05481	0.0126713
05484	0.000177278
0554A	0.000784819
05569	0.000224511
05579	2.57918e-05
05580	0.00226376
05581	3.18411e-05
05624	3.65512e-05
05654	0.000829139
05659	0.00478675
05677	0.00289069
05681	0.00163001
05702	6.85555e-05
0572A	0.00146
05744	0.000257596
05764	1.97515e-05
05769	0.000379632
05773	0.00144203
05816	0.000171061
0583A	0.000905652
05855	0.000138692
05859	0.000277834
05866	7.52455e-05
05868	0.000822641
05873	0.00233318
05881	0.00173153
05910	0.00034988
05915	3.34968e-05
05920	1.00427e-05
05957	0.0021251
05960	0.000862825
05964	9.00955e-05
05969	0.000732205
05978	0.000475481
05984	0.00288726
05988	0.000137788
06061	0.00455966
06106	0.00161249
06135	0.000452303
06154	0.000272705
06172	3.76017e-05
06184	0.000332149
06224	0.00596162
06257	0.000297247
06263	0.000522892
06264	0.00181338
0626A	3.29642e-05
06277	0.00134233
06297	0.000730406
06347	0.00417037
06418	0.00261642
06423	7.60738e-05
06435	0.000229046
06437	0.00263256
06454	0.000762467
06466	0.000823437
06477	0.000663968
06489	0.0012117
06494	0.00403651
06517	0.00127347
06533	0.00103375
06536	8.68825e-05
06538	8.87743e-05
06544	0.000387651
06559	0.000169467
06616	0.000857097
06671	0.000429023
06694	0.000495726
06735	5.97266e-05
0673A	0.000290824
06770	0.00403538
06777	0.000628747
06792	0.000992105
06808	0.00221488
06832	0.0178075
06837	0.000286839
06842	0.000637519
06862	0.00283155
06882	0.00028792
06886	0.000430084
06908	0.000796903
06914	0.00043768
06918	0.000113911
06939	0.0011188
06967	0.00216587
06976	0.000296438
06977	0.000139463
06981	0.000460633
07005	9.5338e-05
07017	0.00263844
07045	0.00551698
07079	0.181222
07081	7.68812e-05
07103	0.00286298
07123	7.02247e-05
07173	3.31546e-05
07230	0.000145913
07249	0.000501531
07272	0.00360157
07283	0.00545755
07290	5.99496e-05
07311	0.000549338
07321	0.000184921
07379	0.000197361
07393	0.00502936
07416	0.00126492
07440	0.000332808
07441	0.000376319
07461	0.0223312
07490	0.00015604
07506	0.002493
07508	0.000492044
07558	0.0105921
07585	0.000292045
07609	0.00631979
07619	0.000275114
07636	4.1853e-05
07637	0.0301893
07642	0.0196776
07645	0.000279243
07647	0.00120185
07655	0.00736366
07658	0.00110912
07663	6.25831e-05
07665	0.000101419
07685	0.00391821
07694	0.000200128
07697	0.000728228
07719	0.000512519
07726	0.000654173
07739	0.0123271
07772	0.00101091
07786	0.000643907
07788	0.00060766
07790	0.000479069
07816	0.00175111
07845	2.09385e-05
07853	0.000958378
07861	0.000327365
07872	0.00196745
07874	0.000972402
07884	0.000249225
07886	0.000311423
07908	0.000655869
07918	0.000226588
07924	0.00107287
07949	0.000802969
08003	0.00118239
08044	0.000106299
08045	0.00180132
08051	0.00342398
08092	0.000286834
08093	0.00176106
08130	0.000392408
08132	0.00117517
08133	0.00139802
08134	0.000402934
08145	0.0252993
08155	0.000215622
08178	0.00166921
08210	0.000156147
08212	0.000259581
08263	0.00741127
08276	0.000171316
08300	0.000728203
08314	0.00318956
08353	4.76755e-05
08363	0.000495774
08370	0.000990136
08376	0.000751671
08427	0.000135033
08434	0.0204375
08451	0.000805613
08453	0.00042841
08471	0.000452075
08482	0.000351834
08499	0.000620954
08512	5.04909e-05
08539	0.000486092
0853A	0.000504067
08558	0.000139337
08580	0.00128469
08594	0.00429772
08676	0.00108461
08686	6.31485e-05
08687	0.000214347
08747	0.000598596
08772	0.000128069
08773	0.000231966
08780	0.00122452
08826	0.00195783
08846	0.000169005
08848	0.00165008
08860	8.0563e-06
08879	0.00018607
08888	0.000531107
08890	5.97524e-05
08892	0.000583918
08913	0.00148651
08964	0.00900582
09010	0.000159383
09021	0.000188221
09033	0.00151077
09055	0.000702757
09085	0.000408677
09182	1.56046e-05
0918A	2.77286e-05
09215	0.00179521
09217	0.000271441
09220	8.67314e-05
09221	4.09321e-05
09225	0.000148042
09232	0.00140267
09237	2.88654e-05
09263	0.00016422
09265	0.00149462
09268	0.00173475
09278	0.000310236
09283	0.000111454
09284	0.000545431
09302	8.95979e-05
09313	0.000547258
09323	0.0030499
09335	0.00233961
09345	9.31531e-05
09350	0.000334105
09357	0.00501736
09360	0.00209599
09370	6.58912e-05
09417	0.00106767
09444	0.000284833
09479	0.00016969
09486	0.00491815
09503	0.00671282
09514	5.07173e-05
09529	0.00201191
09534	0.0157567
09545	0.00189028
09547	3.8997e-05
09574	0.000858491
09581	0.000348337
09595	0.000490008
09597	0.000108641
09599	0.000774672
09629	0.00102686
09693	0.00107403
09710	0.000186416
09730	0.000271016
09738	0.00365793
09766	2.32935e-05
09788	0.000654193
09789	8.93807e-05
09803	0.000154852
09829	0.00101534
09838	0.000124236
0987A	6.40282e-05
09881	0.000408067
09883	0.00483923
09886	0.000155032
09896	0.00139831
09906	0.000340919
09918	0.000262216
09934	0.000284329
09951	0.000688723
09982	5.53793e-05
09986	9.00664e-05
