# format = weight
# date = 20220630
01346	0.000293028
01356	0.000208667
01361	0.002138
01362	0.00302507
0137A	0.000582477
01384	0.000395925
01454	0.00044295
01464	0.000222143
01482	0.00084721
01488	0.000620285
01489	0.000951914
0148A	0.00231632
01555	0.00019233
01587	0.000663977
01607	0.000152436
01616	0.0005976
01649	0.000438686
01659	0.00209826
01678	0.0010079
01682	0.00246498
01763	0.00023643
01780	2.44583e-05
01783	0.0244717
01846	0.000314561
01875	0.00162474
01926	0.000744495
01953	0.000313228
01961	0.000824903
01993	0.000214714
01995	0.00976786
02022	0.00025982
02025	0.00030397
02029	0.000266288
02047	0.00254292
02051	4.38399e-05
02066	0.00164996
02092	0.000189132
02098	2.85902e-05
02104	0.00256818
02167	1.66094e-05
02180	0.000285327
02185	0.000864235
0219A	0.000525386
02209	0.000461617
02216	0.000834661
02239	0.00276844
02244	0.000295316
02281	8.92956e-05
02282	0.000418951
02284	0.000350522
02300	0.00167972
02325	6.48954e-05
02340	5.90064e-05
02343	0.000174235
02344	0.00135413
02345	0.00422015
02359	8.85464e-05
02364	0.000266691
02365	5.82184e-05
02421	0.000224341
02425	0.00239595
02432	0.000102464
02449	0.00019102
02452	0.000187124
02473	0.000387977
02482	8.06555e-05
02511	0.000153735
02527	0.000677308
02544	5.86313e-05
02562	4.41137e-05
02563	0.00255859
02565	0.000122846
02571	0.0020099
02572	0.000482613
02585	0.00115371
02605	0.00525982
02618	6.47853e-05
02630	0.000497043
02638	0.000257635
02649	0.0002802
02654	0.000560853
02684	0.000135157
02694	0.000327357
02725	9.56177e-05
02730	0.000398625
02732	0.00174036
02768	0.000152477
02776	0.000700799
02787	0.000563954
02802	0.000276646
02813	0.00998738
02826	0.000920004
02831	0.000167987
0283A	0.000765189
02852	0.000887161
02859	0.00075173
02876	0.00161779
02938	0.000131662
02944	0.00137376
02962	0.00659077
0296A	0.00395236
02988	0.00020088
02989	0.000674793
03007	0.000118856
03073	0.00659695
03152	0.00532789
03160	0.000258427
03195	5.15452e-05
03234	0.000178934
03244	0.00101645
03259	0.00450231
03268	0.00447174
03284	0.000384406
03302	0.0213031
03323	4.46362e-05
03342	0.00151508
03438	0.0019849
03455	0.000963297
03467	0.000439444
03476	0.0012066
03495	0.000149974
03514	0.0010436
03531	0.000117006
03546	0.000261956
0355A	0.000221136
03569	0.000616262
03581	0.000761435
03585	0.000204942
03617	5.46955e-05
03619	0.000202294
03628	0.000507375
03664	0.000576154
03669	0.000243741
03672	0.000599251
03683	0.00328161
03690	0.00372576
03696	7.41046e-05
03729	0.000367868
03754	0.000631552
03755	6.44296e-05
03762	0.00667473
03773	0.000274652
03797	0.00150176
03805	0.00267808
03815	0.00222515
03832	0.000132107
03846	0.000865758
03853	0.0018828
03864	0.00193991
03877	0.000323573
03880	4.57144e-05
03944	0.00432246
03961	0.000204429
03962	0.00084925
03967	0.000261562
03981	0.00109896
03982	0.000832334
03988	7.71469e-05
04006	7.61269e-05
04007	0.000143713
04031	0.000372361
04055	6.06124e-05
04058	0.0149314
04071	0.00119182
04090	0.00285705
04119	0.000256204
04149	0.000122704
04170	0.000193367
04194	0.000499658
0419A	0.000319245
04209	0.000341961
0423A	5.54933e-05
04274	0.00366672
04300	0.000262712
04308	0.000300427
04319	0.000359287
04333	0.000165831
04347	0.000108408
04362	3.60552e-05
04426	0.000292262
04435	0.000123392
04465	0.00233506
04482	1.14016e-05
04524	0.000282196
04549	0.000995291
04578	0.000344243
04662	0.00368302
04666	4.06351e-05
0467A	3.25521e-05
04689	0.000213764
04703	9.20908e-05
04713	0.00126817
04762	0.000225443
04779	6.38681e-05
04810	0.000600462
04818	0.000285589
04854	0.00995112
04863	0.00695378
04885	0.000270411
04894	4.51488e-05
04897	0.00431703
04907	0.00417324
04911	0.000445149
04913	0.00161257
04918	0.00198431
04940	0.00134824
04966	0.016455
04971	0.000436521
04994	0.000406803
04998	0.000347108
05005	0.00124859
05011	0.000752985
05012	0.00483955
05027	0.00175484
05045	0.000329628
05049	0.000935853
05078	0.00355657
05092	0.0034699
05108	0.00251835
05115	0.000779368
05131	0.000377519
05145	0.00111621
05168	7.94869e-05
05180	7.36699e-06
05183	0.0016714
05198	0.00703536
05215	0.000377837
05222	3.76384e-05
05244	0.000347845
05282	0.00202307
05284	0.00015826
05285	0.0011758
05316	0.000192333
05349	0.00164199
05369	2.76346e-05
05373	0.00732901
05388	0.00045039
05407	0.00018309
05416	0.00163035
05420	0.000285354
05423	0.000297948
05429	0.000203406
05458	0.00197405
05463	0.000843702
05476	0.000364473
05481	0.0125114
05484	0.00017504
0554A	0.000774911
05556	8.10903e-05
05579	2.54662e-05
05580	0.00223518
05581	3.14391e-05
05654	0.000818671
05659	0.00472632
05677	0.0028542
05702	6.76899e-05
05764	1.95022e-05
05769	0.000374839
05773	0.00142383
05816	0.000168901
05821	0.00232055
0583A	0.000894218
05855	0.000136941
05859	0.000274326
05868	0.000812255
05873	0.00230373
05874	0.000196672
05881	0.00170966
05886	0.00107347
05910	0.000345463
05915	3.30739e-05
05920	9.91592e-06
05928	0.00076999
05957	0.00209827
05960	0.000851932
05964	8.8958e-05
05969	0.000722961
05978	0.000469478
05984	0.00285081
05988	0.000136049
06039	2.37144e-05
06061	0.00450209
06106	0.00159213
06135	0.000446593
06154	0.000269262
06184	0.000327955
06257	0.000293494
06263	0.000516291
06264	0.00179048
0626A	3.2548e-05
06297	0.000721185
06402	0.000258393
06418	0.00258339
06423	7.51134e-05
06435	0.000226154
06437	0.00259933
06454	0.000752841
06466	0.000813041
06477	0.000655585
06489	0.00119641
06494	0.00398555
06517	0.0012574
06533	0.0010207
06536	8.57856e-05
06538	8.76535e-05
06544	0.000382757
06562	0.000277041
06616	0.000846276
06694	0.000489467
0671A	0.00265475
06735	5.89725e-05
06737	0.00228777
0673A	0.000287152
06751	0.00123137
06777	0.000620809
06801	0.00177956
06808	0.00218692
06832	0.0175827
06837	0.000283218
06842	0.00062947
06862	0.00279581
06882	0.000284285
06886	0.000424654
06908	0.000786842
06914	0.000432154
06918	0.000112473
06920	0.000783424
06925	0.0292405
06939	0.00110467
06967	0.00213852
06976	0.000292696
06981	0.000454817
07005	9.41343e-05
07017	0.00260513
07045	0.00544733
07079	0.178934
07081	7.59106e-05
07103	0.00282683
07136	0.000521521
07173	3.2736e-05
07249	0.0004952
07272	0.0035561
07283	0.00538865
07311	0.000542402
07321	0.000182586
07393	0.00496587
07416	0.00124895
07429	0.00576289
07433	0.00353295
07440	0.000328606
07441	0.000371568
07461	0.0220493
07486	0.00305366
07506	0.00246153
07508	0.000485832
07558	0.0104584
07585	0.000288358
07602	0.000514201
07609	0.00624
07619	0.00027164
07637	0.0298081
07645	0.000275717
07647	0.00118668
07655	0.00727069
07658	0.00109512
07663	6.17929e-05
07665	0.000100138
07685	0.00386874
07694	0.000197601
07697	0.000719034
07719	0.000506049
07726	0.000645913
07739	0.0121715
07772	0.000998151
07786	0.000635778
07788	0.000599989
07790	0.000473021
07816	0.001729
07845	2.06742e-05
07853	0.000946279
07861	0.000323232
07872	0.00194261
07874	0.000960125
07886	0.000307491
07908	0.000647588
07918	0.000223728
07924	0.00105933
07949	0.000792831
08003	0.00116747
08044	0.000104957
08045	0.00177858
08049	6.59807e-05
08092	0.000283212
08093	0.00173883
08130	0.000387453
08132	0.00116033
08133	0.00138037
08134	0.000397846
08145	0.0249799
08155	0.0002129
08173	0.000337047
08178	0.00164813
08210	0.000154176
08212	0.000256303
08258	0.00105758
08263	0.0073177
08300	0.000719009
08314	0.00314929
08349	0.000363822
08353	4.70736e-05
08363	0.000489515
08370	0.000977635
08376	0.000742181
08427	0.000133328
08434	0.0201795
08451	0.000795442
08453	0.000423001
08482	0.000347392
08499	0.000613114
08512	4.98534e-05
08539	0.000479955
0853A	0.000497703
08558	0.000137578
08594	0.00424346
08686	6.23512e-05
08687	0.000211641
08712	0.00144417
08747	0.000591039
08772	0.000126452
08773	0.000229038
08780	0.00120906
08826	0.00193311
08828	0.000234875
08854	0.00197263
08858	0.000107631
08860	7.95459e-06
08879	0.000183721
08890	5.8998e-05
08964	0.00889212
09021	0.000185845
09033	0.0014917
09055	0.000693884
09072	0.00042415
09085	0.000403517
09182	1.54076e-05
0918A	2.73785e-05
09215	0.00177255
09217	0.000268014
09220	8.56364e-05
09221	4.04153e-05
09225	0.000146173
09226	0.000989813
09232	0.00138496
09237	2.8501e-05
09263	0.000162147
09268	0.00171285
09278	0.000306319
09283	0.000110047
09284	0.000538545
09302	8.84667e-05
09323	0.00301139
09345	9.1977e-05
09350	0.000329887
09357	0.00495401
09360	0.00206952
09370	6.50594e-05
09417	0.00105419
09444	0.000281236
09486	0.00485606
09503	0.00662807
09529	0.00198651
09534	0.0155577
09545	0.00186641
09547	3.85047e-05
09574	0.000847652
09581	0.000343939
09582	4.47486e-05
09595	0.000483822
09599	0.000764891
09629	0.0010139
09658	9.6075e-05
09693	0.00106047
09710	0.000184062
09730	0.000267594
09738	0.00361175
09766	2.29994e-05
09788	0.000645934
09789	8.82522e-05
09829	0.00100252
09837	0.000717757
0987A	6.32199e-05
09881	0.000402915
09883	0.00477813
09886	0.000153074
09896	0.00138066
09906	0.000336615
09918	0.000258906
09934	0.000280739
09951	0.000680028
09982	5.46801e-05
09986	8.89293e-05
