# format = weight
# date = 20220131
01346	0.000365254
01356	0.000260099
01361	0.00266498
01362	0.00377069
0137A	0.000726047
01419	0.000371569
01454	0.00055213
01464	0.000276897
01482	0.00105603
01488	0.000773174
01489	0.00118654
01514	0.000740534
01515	3.94562e-05
01555	0.000239735
01572	0.0026191
01587	0.000827635
01607	0.000190009
01616	0.000744898
01649	0.000546814
01681	0.000666159
01729	0.000122055
01763	0.000294705
01780	3.04868e-05
01783	0.0305035
01846	0.000392095
01855	3.84909e-05
01876	0.00017459
01926	0.000928
01953	0.000390434
01961	0.00102823
01993	0.000267637
01995	0.0121755
01999	0.000494532
02007	0.00170935
02022	0.000323861
02025	0.000378893
02029	0.000331923
02047	0.00316971
02048	0.000296644
02051	5.46457e-05
02066	0.00205664
02071	0.00040053
02103	0.00210484
02104	0.00320119
02167	2.07033e-05
02180	0.000355655
02185	0.00107725
0219A	0.000654884
02210	0.000461151
02216	0.00104039
02239	0.00345081
02244	0.000368106
02281	0.000111305
02282	0.000522215
02284	0.000436919
02325	8.0891e-05
02340	7.35504e-05
02344	0.0016879
02345	0.00526034
02359	0.000110372
02365	7.25681e-05
02421	0.000279638
02425	0.0029865
02432	0.000127719
02449	0.000238103
02452	0.000233247
02473	0.000483606
02482	0.000100536
02505	0.000789089
02511	0.000191628
02544	7.30828e-05
02562	5.4987e-05
02563	0.00318924
02565	0.000153125
02571	0.0025053
02572	0.000601568
02605	0.00655627
02630	0.000619555
02638	0.000321138
02649	0.000349264
02654	0.000699093
02681	0.00014001
02684	0.00016847
02694	0.000408045
02725	0.000119186
02732	0.00216933
02768	0.00019006
02787	0.000702958
02802	0.000344834
02813	0.0124491
02826	0.00114677
02831	0.000209392
0283A	0.000953794
02852	0.00110583
02859	0.000937017
02876	0.00201655
02891	0.00100959
02944	0.00171236
02962	0.00821527
0296A	0.00492654
02973	2.07264e-05
02989	0.000841117
03015	0.000525666
03073	0.00822297
03152	0.00664112
03195	6.42502e-05
03234	0.000223038
03244	0.00126699
03259	0.00561205
03268	0.00557394
03281	0.00112294
03284	0.000479155
03297	0.000532879
03302	0.0265539
03323	5.56382e-05
03342	0.00188852
03349	0.000251382
03356	0.000157098
03357	0.00203944
03438	0.00247415
03455	0.00120073
03476	0.00150401
03495	0.00018694
03514	0.00130083
03531	0.000145845
03546	0.000326524
03558	0.000284968
0355A	0.000275642
03569	0.000768159
03585	0.000255457
03617	6.81769e-05
03619	0.000252155
03628	0.000632434
03672	0.000746955
03683	0.00409047
03690	0.0046441
03696	9.237e-05
03729	0.000458541
03754	0.000787218
03755	8.03103e-05
03762	0.00831992
03764	0.000911262
03773	0.000342348
03776	0.00481038
03797	0.00187191
03805	0.00333817
03809	0.000270888
03815	0.00277361
03832	0.000164669
03846	0.00107915
03853	0.00234687
03864	0.00241806
03877	0.000403328
03880	5.69822e-05
03920	0.000319569
03944	0.00538786
03961	0.000254816
03962	0.00105857
03981	0.00136983
03982	0.00103749
03983	0.000996488
03988	9.61622e-05
04006	9.48908e-05
04007	0.000179135
0404A	0.000486151
04055	7.55522e-05
04058	0.0186117
04071	0.00148558
04090	0.00356126
04119	0.000319354
04149	0.000152948
04170	0.000241028
04177	0.00993648
04209	0.000426248
0423A	6.91713e-05
04274	0.00457049
04300	0.000327465
04308	0.000374476
04319	0.000447844
04333	0.000206705
04347	0.000135129
04362	4.49422e-05
04392	0.000959173
04426	0.000364299
04435	0.000153806
04474	0.00300054
04482	1.42119e-05
04524	0.000351752
04529	0.000173921
04549	0.00124061
04578	0.000429093
04662	0.00459081
04676	0.000293204
0467A	4.05756e-05
04689	0.000266452
04703	0.000114789
0471A	0.001102
04762	0.00028101
04779	7.96105e-05
04784	0.00190026
04810	0.000748465
04818	0.000355982
04854	0.0124039
04865	0.000929732
04873	2.52198e-05
04885	0.000337062
04894	5.62771e-05
04897	0.0053811
04907	0.00520187
04913	0.00201005
04918	0.0024734
04922	0.00101729
04940	0.00168056
04966	0.0205108
04971	0.000544116
04994	0.000507073
04998	0.000432664
05005	0.00155635
05008	0.0140872
05011	0.000938582
05012	0.00603241
05020	3.20674e-05
05027	0.00218737
05045	0.000410875
05049	0.00116652
05078	0.0044332
05092	0.00432517
05102	0.0003141
05115	0.000971468
05131	0.00047057
05168	9.9079e-05
05180	9.18282e-06
05183	0.00208337
05189	0.000262967
05215	0.000470967
05222	4.69156e-05
05244	0.000433582
05282	0.00252172
05284	0.000197268
05285	0.00146561
05316	0.000239739
05349	0.00204671
05369	3.44461e-05
05373	0.00913547
05388	0.000561403
05407	0.000228219
05417	0.000649684
05423	0.000371387
05429	0.000253542
05435	0.00166589
05458	0.00246061
05463	0.00105166
05476	0.000454308
05481	0.0155952
05484	0.000218184
0554A	0.000965912
05569	0.000276316
05579	3.17431e-05
05580	0.00278611
05581	3.91883e-05
05624	4.49852e-05
05677	0.00355771
05681	0.00200612
05702	8.43743e-05
0572A	0.00179689
05764	2.43091e-05
05769	0.00046723
05773	0.00177477
05816	0.000210532
05821	0.00289253
0583A	0.00111463
05859	0.000341943
05866	9.2608e-05
05868	0.00101246
05873	0.00287155
05874	0.000245148
05881	0.00213107
05886	0.00133806
05910	0.000430613
05915	4.1226e-05
05920	1.236e-05
05928	0.000959779
05957	0.00261546
05960	0.00106192
05964	0.000110885
05969	0.000901157
05978	0.000585195
05984	0.00355348
05988	0.000169582
06039	2.95595e-05
06061	0.00561177
06106	0.00198456
06154	0.00033563
06172	4.62781e-05
06184	0.00040879
06224	0.00733723
06257	0.000365835
06263	0.000643547
06264	0.00223181
06277	0.00165206
06297	0.000898944
06402	0.000322083
06418	0.00322014
06423	9.36275e-05
06435	0.000281897
06437	0.00324001
06454	0.000938402
06466	0.00101344
06477	0.000817175
06489	0.0014913
06494	0.00496791
06533	0.00127228
06536	0.00010693
06538	0.000109259
06562	0.000345326
06616	0.00105487
06671	0.000528018
06694	0.000610112
0671A	0.00330909
06735	7.35082e-05
06737	0.00285166
0673A	0.00035793
06751	0.00153488
06770	0.00496653
06777	0.000773827
06792	0.00122103
06801	0.00221818
06832	0.0219165
06837	0.000353026
06862	0.00348492
06908	0.000980785
06914	0.000538672
06918	0.000140196
06920	0.000976524
06925	0.0364478
06939	0.00137695
06967	0.00266563
06976	0.00036484
06977	0.000171643
06981	0.000566922
07005	0.000117337
07017	0.00324725
07045	0.00678999
07081	9.46212e-05
07084	0.000916372
07103	0.00352359
07123	8.64286e-05
07136	0.000650067
07173	4.08048e-05
07201	7.26167e-05
07230	0.000179582
07249	0.000617257
07272	0.00443261
07283	0.00671686
07290	7.37826e-05
07379	0.000242901
07393	0.00618986
07416	0.0015568
07429	0.00718333
07433	0.00440376
07440	0.000409602
07441	0.000463153
07486	0.00380633
07506	0.00306825
07558	0.0130362
07602	0.000640942
07609	0.00777804
07619	0.000338595
07637	0.0371553
07642	0.0242181
07645	0.000343676
07647	0.00147918
07655	0.00906278
07658	0.00136505
07663	7.70238e-05
07665	0.000124821
07685	0.00482231
07694	0.000246306
07697	0.000896262
07719	0.000630781
07726	0.000805119
07739	0.0151715
07772	0.00124418
07788	0.000747875
07790	0.000589612
07816	0.00215517
07845	2.577e-05
07853	0.00117952
07874	0.00119678
07884	0.000306732
07886	0.000383282
07908	0.000807207
07918	0.000278872
07924	0.00132043
08003	0.00145523
08044	0.000130826
08045	0.00221697
08049	8.22438e-05
08051	0.00421404
08092	0.000353019
08130	0.000482954
08132	0.00144633
08133	0.00172061
08134	0.000495908
08155	0.000265375
08173	0.000420123
08178	0.00205437
08210	0.000192177
08258	0.00131825
08263	0.00912138
08276	0.000210847
08300	0.000896231
08314	0.00392553
08349	0.000453498
08353	5.86764e-05
08363	0.000610171
08370	0.0012186
08376	0.000925115
08427	0.000166191
08434	0.0251534
08451	0.000991504
08453	0.000527263
08471	0.000556389
08512	6.21414e-05
08539	0.000598255
0853A	0.000620378
08558	0.000171488
08580	0.00158112
08594	0.00528939
08676	0.00133488
08686	7.77196e-05
08687	0.000263806
08712	0.00180014
08747	0.000736719
08773	0.000285491
08780	0.00150707
08826	0.00240958
08828	0.000292767
08846	0.000208002
08848	0.00203083
08854	0.00245885
08858	0.00013416
08860	9.91525e-06
08879	0.000229005
08888	0.000653657
08892	0.000718654
08913	0.00182952
08964	0.0110839
09010	0.00019616
09021	0.000231652
09033	0.00185938
09055	0.000864914
09072	0.000528695
0918A	3.41268e-05
09215	0.00220945
09221	5.03769e-05
09225	0.000182202
09226	0.00123378
09232	0.00172633
09237	3.5526e-05
09263	0.000202113
09265	0.0018395
09268	0.00213504
09278	0.000381821
09283	0.000137171
09302	0.000110272
09313	0.000673535
09323	0.00375365
09335	0.00287947
09345	0.000114648
09350	0.000411198
09357	0.00617509
09360	0.00257962
09370	8.10953e-05
09417	0.00131403
09444	0.000350556
09479	0.000208845
09486	0.00605299
09514	6.242e-05
09529	0.00247615
09534	0.0193924
09545	0.00232645
09581	0.000428714
09582	5.57783e-05
09595	0.000603075
09597	0.000133709
09599	0.000953423
09629	0.00126381
09658	0.000119756
09710	0.00022943
09730	0.000333551
09738	0.00450198
09788	0.000805145
09789	0.000110005
09803	0.000190584
09837	0.00089467
09838	0.000152903
0987A	7.88024e-05
09881	0.000502227
09883	0.00595586
09896	0.00172096
09906	0.000419584
09918	0.000322721
09932	0.000718006
09934	0.000349936
09951	0.000847642
09986	0.000110849
