# format = weight
# date = 20230228
01362	0.0033146
01419	0.000326625
01454	0.000485346
01482	0.000928298
01484	0.000147831
01488	0.000679654
0148A	0.00253802
01492	5.82989e-05
01514	0.000650961
01555	0.000210738
01572	0.00230231
01587	0.000727527
01616	0.000654798
01649	0.000480674
01659	0.00229909
01678	0.00110437
01681	0.000585583
01682	0.0027009
01729	0.000107291
01763	0.000259059
01780	2.67992e-05
01821	0.000114315
01855	3.38352e-05
01875	0.00178024
01876	0.000153472
01953	0.000343208
01995	0.0107028
01999	0.000434716
02007	0.00150259
02025	0.000333063
02047	0.00278631
02051	4.80359e-05
02066	0.00180788
02071	0.000352084
02092	0.000207234
02098	3.13266e-05
02103	0.00185025
02104	0.00281398
02180	0.000312636
02185	0.000946953
0219A	0.000575671
02209	0.000505799
02210	0.000405372
02216	0.000914548
02239	0.00303342
02244	0.000323581
02281	9.78423e-05
02282	0.00045905
02284	0.000384071
02300	0.00184049
02303	0.00205602
02325	7.11067e-05
02340	6.4654e-05
02343	0.000190911
02344	0.00148374
02359	9.70214e-05
02364	0.000292216
02425	0.00262527
02432	0.000112271
02449	0.000209303
02452	0.000205034
02473	0.000425111
02482	8.83752e-05
02494	0.000689313
02505	0.000693644
02511	0.00016845
02527	0.000742135
02562	4.8336e-05
02563	0.00280348
02565	0.000134603
02571	0.00220227
02572	0.000528805
02585	0.00126413
02605	0.00576325
02618	7.09861e-05
02630	0.000544616
02649	0.000307019
02654	0.000614534
02681	0.000123075
02684	0.000148093
02725	0.000104769
02730	0.000436779
02732	0.00190694
02768	0.000167071
02776	0.000767874
02787	0.000617931
02802	0.000303125
02826	0.00100806
02831	0.000184065
0283A	0.000838426
02852	0.000972073
02876	0.00177264
02891	0.000887475
02944	0.00150524
02962	0.00722158
0296A	0.00433065
02973	1.82194e-05
02988	0.000220107
02989	0.000739379
03007	0.000130232
03015	0.000462084
03152	0.00583783
03160	0.000283161
03195	5.64787e-05
03234	0.00019606
03244	0.00111374
03259	0.00493323
03284	0.000421199
03297	0.000468424
03302	0.023342
03323	4.89084e-05
03342	0.00166009
03349	0.000220976
03356	0.000138096
03357	0.00179276
03438	0.00217488
03455	0.0010555
03467	0.000481504
03476	0.00132209
03514	0.00114349
03531	0.000128205
03546	0.000287029
03558	0.000250499
0355A	0.000242301
03569	0.000675245
03581	0.000834314
03585	0.000224558
03617	5.99305e-05
03619	0.000221656
03664	0.000631299
03672	0.000656606
03683	0.0035957
03690	0.00408236
03696	8.11973e-05
03729	0.000403077
03754	0.000691999
03755	7.05963e-05
03762	0.00731358
03764	0.000801039
03773	0.000300939
03776	0.00422853
03797	0.00164549
03805	0.0029344
03832	0.000144752
03846	0.000948622
03853	0.002063
03880	5.00898e-05
03920	0.000280915
03944	0.00473617
03961	0.000223995
03962	0.000930533
03967	0.000286597
03981	0.00120414
03982	0.000911999
03983	0.000875957
03988	8.45308e-05
04006	8.34131e-05
04007	0.000157468
04031	0.000408
0404A	0.000427348
04055	6.64137e-05
04058	0.0163605
04062	5.49189e-05
04090	0.0031305
04119	0.000280726
04149	0.000134448
04177	0.0087346
04194	0.000547482
0419A	0.0003498
0423A	6.08046e-05
04274	0.00401766
04300	0.000287856
04308	0.000329181
04333	0.000181703
04347	0.000118784
04362	3.95062e-05
04392	0.000843155
04435	0.000135202
04465	0.00255855
04474	0.00263761
04482	1.24929e-05
04529	0.000152884
04578	0.000377192
04662	0.00403552
04666	4.45243e-05
04676	0.000257739
0467A	3.56677e-05
04703	0.000100905
04713	0.00138955
0471A	0.000968707
04779	6.99811e-05
04784	0.00167041
04810	0.000657933
04818	0.000312923
04854	0.0109036
04863	0.00761934
04865	0.000817275
04873	2.21693e-05
04894	4.94701e-05
04897	0.00473023
04907	0.00457267
04911	0.000487755
04913	0.00176692
04918	0.00217423
04922	0.000894245
04940	0.00147728
04966	0.0180299
04971	0.000478301
04994	0.000445739
04998	0.00038033
05005	0.0013681
05008	0.0123833
05012	0.00530275
05027	0.0019228
05045	0.000361177
05049	0.00102542
05078	0.00389698
05092	0.00380201
05102	0.000276108
05108	0.00275938
05115	0.000853963
05131	0.000413652
05145	0.00122304
05168	8.70948e-05
05180	8.07211e-06
05189	0.000231159
05198	0.00770873
05215	0.000414001
05222	4.12409e-05
05244	0.000381138
05282	0.00221671
05284	0.000173408
05285	0.00128834
05316	0.000210741
05369	3.02796e-05
05373	0.00803048
05388	0.000493498
05407	0.000200614
05416	0.0017864
05417	0.000571101
05420	0.000312666
05423	0.000326465
05429	0.000222874
05458	0.00216299
05481	0.0137088
05569	0.000242894
05579	2.79036e-05
05581	3.44483e-05
05624	3.95439e-05
05659	0.00517869
05677	0.00312738
05681	0.00176347
05702	7.41687e-05
0572A	0.00157954
05744	0.000278687
05764	2.13688e-05
05773	0.0015601
05816	0.000185067
05821	0.00254266
0583A	0.000979805
05855	0.000150047
05866	8.14065e-05
05868	0.000889998
05873	0.00252422
05874	0.000215495
05881	0.0018733
05886	0.00117621
05910	0.000378528
05915	3.62394e-05
05920	1.0865e-05
05928	0.000843688
05957	0.0022991
05969	0.000792157
05984	0.00312367
05988	0.00014907
06061	0.004933
06106	0.00174452
06135	0.000489337
06154	0.000295033
06172	4.06805e-05
06184	0.000359345
06224	0.00644975
06257	0.000321585
06263	0.000565706
0626A	3.56633e-05
06277	0.00145223
06297	0.000790211
06347	0.00451184
06418	0.00283065
06435	0.0002478
06437	0.00284811
06454	0.000824897
06466	0.000890859
06477	0.000718333
06489	0.00131092
06494	0.00436701
06517	0.00137774
06533	0.00111839
06536	9.39963e-05
06538	9.6043e-05
06544	0.000419392
06616	0.000927275
06671	0.000464151
0671A	0.00290884
06735	6.46169e-05
06737	0.00250674
0673A	0.000314636
06751	0.00134923
06770	0.0043658
06777	0.000680228
06792	0.00107334
06801	0.00194988
06808	0.00239624
06837	0.000310325
06862	0.0030634
06882	0.000311494
06908	0.000862153
06918	0.000123238
06920	0.000858407
06925	0.0320392
06976	0.00032071
06977	0.000150882
06981	0.000498349
07005	0.000103144
07017	0.00285447
07079	0.19606
07081	8.31762e-05
07084	0.000805532
07103	0.00309739
07123	7.59746e-05
07136	0.000571437
07173	3.58692e-05
07201	6.38332e-05
07249	0.000542596
07272	0.00389646
07283	0.00590441
07290	6.48581e-05
07311	0.000594317
07393	0.00544116
07416	0.00136849
07433	0.00387109
07440	0.000360058
07441	0.000407132
07461	0.0241597
07486	0.00334593
07490	0.000168816
07508	0.000532332
07558	0.0114594
07585	0.000315957
07602	0.000563416
07609	0.00683724
07636	4.52799e-05
07637	0.0326611
07642	0.0212888
07645	0.000302106
07647	0.00130026
07655	0.00796658
07658	0.00119993
07663	6.77073e-05
07665	0.000109723
07685	0.00423903
07694	0.000216514
07697	0.000787854
07719	0.000554484
07726	0.000707735
07772	0.00109369
07786	0.00069663
07790	0.000518295
07816	0.00189449
07845	2.26529e-05
07853	0.00103685
07861	0.000354169
07872	0.00212854
07874	0.00105202
07884	0.000269631
07908	0.00070957
07924	0.00116072
07949	0.000868715
08003	0.00127921
08044	0.000115002
08045	0.00194881
08049	7.22959e-05
08051	0.00370433
08092	0.000310319
08093	0.00190525
08130	0.000424537
08132	0.00127139
08133	0.00151249
08134	0.000435925
08173	0.000369307
08178	0.00180588
08210	0.000168932
08212	0.000280835
08258	0.0011588
08263	0.00801809
08276	0.000185344
08300	0.000787827
08314	0.00345071
08349	0.000398644
08353	5.15791e-05
08363	0.000536367
08376	0.000813217
08427	0.000146089
08451	0.000871575
08453	0.000463487
08471	0.00048909
08482	0.000380641
08499	0.000671797
08539	0.000525893
0853A	0.000545339
08558	0.000150745
08594	0.00464961
08676	0.00117342
08686	6.8319e-05
08712	0.0015824
08747	0.000647608
08772	0.000138555
08773	0.000250959
08780	0.00132478
08826	0.00211813
08828	0.000257355
08848	0.00178518
08854	0.00216144
08858	0.000117932
08860	8.71594e-06
08879	0.000201305
08888	0.000574593
08890	6.46448e-05
08892	0.000631728
08913	0.00160823
09010	0.000172433
09021	0.000203632
09033	0.00163447
09055	0.000760297
09085	0.000442139
09182	1.68823e-05
0918A	2.99989e-05
09215	0.0019422
09217	0.000293666
09220	9.38329e-05
09221	4.42835e-05
09225	0.000160164
09226	0.00108455
09232	0.00151752
09237	3.12289e-05
09265	0.001617
09278	0.000335638
09284	0.00059009
09302	9.69341e-05
09323	0.00329962
09335	0.00253118
09350	0.000361461
09357	0.00542817
09360	0.0022676
09370	7.12863e-05
09417	0.00115509
09444	0.000308154
09479	0.000183584
09486	0.00532084
09503	0.00726246
09529	0.00217665
09534	0.0170468
09545	0.00204505
09547	4.219e-05
09581	0.000376859
09582	4.90316e-05
09595	0.00053013
09597	0.000117536
09599	0.000838101
09629	0.00111094
09658	0.00010527
09693	0.00116197
09710	0.000201679
09730	0.000293206
09738	0.00395743
09766	2.52007e-05
09788	0.000707758
09803	0.000167532
09829	0.00109848
09837	0.000786454
09838	0.000134409
0987A	6.92708e-05
09881	0.000441479
09883	0.00523546
09886	0.000167725
09896	0.0015128
09918	0.000283686
09932	0.000631159
09934	0.000307609
09951	0.000745114
09982	5.99137e-05
09986	9.74409e-05
