# format = weight
# date = 20230929
01356	0.000223961
01362	0.0032468
0137A	0.000625171
01384	0.000424944
01419	0.000319943
01454	0.000475417
01464	0.000238425
01482	0.000909307
01484	0.000144806
01488	0.00066575
01489	0.00102169
0148A	0.0024861
01492	5.71063e-05
01514	0.000637644
01515	3.39742e-05
01555	0.000206427
01572	0.00225521
01587	0.000712644
01607	0.000163609
01616	0.000641402
01678	0.00108178
01681	0.000573604
01682	0.00264565
01729	0.000105097
01763	0.000253759
01780	2.6251e-05
01821	0.000111976
01846	0.000337617
01855	3.3143e-05
01875	0.00174382
01876	0.000150333
01926	0.000799064
01953	0.000336187
01961	0.000885365
01993	0.000230452
01995	0.0104838
01999	0.000425822
02007	0.00147185
02022	0.000278864
02025	0.00032625
02029	0.000285806
02048	0.000255428
02051	4.70532e-05
02066	0.00177089
02071	0.000344881
02092	0.000202994
02098	3.06857e-05
02103	0.0018124
02167	1.78268e-05
02180	0.00030624
02185	0.00092758
0219A	0.000563895
02209	0.000495452
02210	0.000397079
02239	0.00297136
02244	0.000316961
02281	9.58407e-05
02282	0.000449659
02300	0.00180284
02303	0.00201395
02325	6.9652e-05
02340	6.33313e-05
02343	0.000187005
02344	0.00145339
02345	0.00452947
02359	9.50366e-05
02421	0.000240785
02425	0.00257156
02432	0.000109974
02449	0.000205021
02452	0.00020084
02473	0.000416414
02482	8.65673e-05
02494	0.000675211
02505	0.000679453
02511	0.000165004
02544	6.29288e-05
02562	4.73471e-05
02563	0.00274612
02565	0.00013185
02571	0.00215721
02572	0.000517987
02585	0.00123827
02605	0.00564535
02618	6.95339e-05
02630	0.000533475
02638	0.000276519
02649	0.000300738
02654	0.000601962
02681	0.000120557
02684	0.000145063
02694	0.000351351
02725	0.000102626
02732	0.00186793
02768	0.000163653
02787	0.00060529
02813	0.0107194
02826	0.000987437
02831	0.0001803
0283A	0.000821274
02852	0.000952187
02859	0.000806829
02876	0.00173637
02891	0.000869319
02938	0.000141313
02944	0.00147445
0296A	0.00424205
02973	1.78467e-05
02988	0.000215604
02989	0.000724253
03007	0.000127568
03015	0.000452631
03073	0.00708048
03195	5.53233e-05
03244	0.00109096
03259	0.00483231
03268	0.0047995
03281	0.000966916
03284	0.000412582
03297	0.000458841
03302	0.0228645
03323	4.79078e-05
03342	0.00162613
03349	0.000216456
03357	0.00175609
03438	0.00213039
03455	0.0010339
03467	0.000471654
03476	0.00129504
03495	0.000160967
03514	0.00112009
03531	0.000125582
03558	0.000245374
0355A	0.000237344
03569	0.000661432
03585	0.000219964
03617	5.87044e-05
03628	0.000544564
03664	0.000618384
03669	0.000261606
03672	0.000643174
03690	0.00399885
03696	7.95362e-05
03729	0.000394831
03755	6.9152e-05
03762	0.00716396
03764	0.000784652
03773	0.000294783
03776	0.00414203
03797	0.00161183
03805	0.00287437
03809	0.000233251
03815	0.00238825
03832	0.00014179
03846	0.000929215
03853	0.0020208
03864	0.0020821
03877	0.00034729
03880	4.90651e-05
03920	0.000275168
03961	0.000219412
03962	0.000911497
03967	0.000280734
03981	0.00117951
03982	0.000893341
03983	0.000858037
03988	8.28015e-05
04006	8.17067e-05
04007	0.000154246
04031	0.000399653
04058	0.0160258
04062	5.37954e-05
04071	0.00127918
04090	0.00306646
04119	0.000274983
04149	0.000131698
04170	0.00020754
04177	0.00855591
04209	0.000367025
0423A	5.95607e-05
04274	0.00393547
04300	0.000281968
04308	0.000322447
04319	0.000385621
04333	0.000177986
04347	0.000116354
04392	0.000825906
04426	0.000313683
04465	0.00250621
04474	0.00258365
04482	1.22373e-05
04549	0.00106824
04662	0.00395297
04666	4.36135e-05
04676	0.000252467
0467A	3.4938e-05
04689	0.000229432
04713	0.00136113
0471A	0.00094889
04762	0.000241967
04779	6.85495e-05
04784	0.00163624
04810	0.000644474
04818	0.000306522
04854	0.0106805
04865	0.000800556
04894	4.8458e-05
04911	0.000477777
04913	0.00173077
04918	0.00212975
04922	0.000875951
04940	0.00144706
04966	0.017661
04971	0.000468517
04987	0.000121374
04994	0.000436621
04998	0.00037255
05005	0.00134011
05008	0.0121299
05011	0.000808176
05012	0.00519427
05027	0.00188346
05045	0.000353788
05078	0.00381725
05092	0.00372423
05102	0.000270459
05108	0.00270293
05115	0.000836493
05131	0.000405189
05145	0.00119802
05168	8.5313e-05
05180	7.90697e-06
05183	0.0017939
05189	0.00022643
05198	0.00755103
05215	0.000405531
05222	4.03972e-05
05244	0.00037334
05282	0.00217136
05284	0.00016986
05285	0.00126198
05316	0.00020643
05349	0.00176234
05369	2.96602e-05
05373	0.0078662
05407	0.00019651
05417	0.000559417
05420	0.00030627
05423	0.000319787
05429	0.000218315
05435	0.00143443
05458	0.00211874
05463	0.000905543
05476	0.000391187
05481	0.0134284
05484	0.00018787
05556	8.70339e-05
05569	0.000237925
05579	2.73328e-05
05580	0.00239901
05624	3.8735e-05
05654	0.000878677
05659	0.00507274
05677	0.0030634
05681	0.00172739
05702	7.26514e-05
0572A	0.00154723
05744	0.000272986
05769	0.000402313
05773	0.00152819
05816	0.000181281
05821	0.00249064
0583A	0.000959761
05855	0.000146978
05859	0.000294433
05866	7.97411e-05
05868	0.000871791
05873	0.00247258
05881	0.00183498
05886	0.00115215
05915	3.5498e-05
05920	1.06427e-05
05928	0.000826428
05957	0.00225207
05960	0.000914375
05964	9.54783e-05
05969	0.000775951
05978	0.000503889
05984	0.00305976
05988	0.000146021
06039	2.54526e-05
06061	0.00483208
06106	0.00170883
06135	0.000479326
06154	0.000288998
06172	3.98482e-05
06184	0.000351993
06224	0.0063178
06257	0.000315006
06263	0.000554133
06264	0.00192172
0626A	3.49337e-05
06277	0.00142252
06297	0.000774045
06347	0.00441953
06402	0.000277333
06418	0.00277274
06423	8.06189e-05
06435	0.000242731
06437	0.00278985
06454	0.000808022
06466	0.000872634
06489	0.0012841
06517	0.00134956
06533	0.00109551
06536	9.20733e-05
06538	9.40782e-05
06544	0.000410812
06559	0.000179592
06562	0.000297347
06616	0.000908305
06694	0.000525344
0671A	0.00284933
06735	6.3295e-05
06737	0.00245545
0673A	0.0003082
06751	0.00132163
06777	0.000666312
06832	0.0188715
06837	0.000303977
06842	0.000675608
06862	0.00300073
06882	0.000305122
06886	0.00045578
06914	0.000463829
06918	0.000120717
06920	0.000840846
06925	0.0313837
06939	0.00118564
06967	0.00229527
06977	0.000147795
06981	0.000488154
07005	0.000101034
07045	0.0058466
07079	0.192049
07081	8.14746e-05
07084	0.000789052
07123	7.44203e-05
07136	0.000559747
07173	3.51354e-05
07230	0.000154631
07249	0.000531496
07272	0.00381674
07283	0.00578362
07290	6.35313e-05
07311	0.000582158
07379	0.000209153
07416	0.0013405
07429	0.00618528
07433	0.0037919
07440	0.000352692
07441	0.000398803
07506	0.00264195
07508	0.000521442
07558	0.0112249
07585	0.000309494
07602	0.00055189
07609	0.00669737
07619	0.000291551
07636	4.43536e-05
07637	0.031993
07642	0.0208533
07645	0.000295926
07647	0.00127366
07655	0.00780361
07658	0.00117539
07663	6.63221e-05
07665	0.000107478
07685	0.00415231
07694	0.000212085
07697	0.000771736
07719	0.00054314
07739	0.0130636
07772	0.00107131
07786	0.000682378
07788	0.000643966
07790	0.000507692
07816	0.00185573
07845	2.21895e-05
07853	0.00101564
07861	0.000346924
07872	0.00208499
07874	0.0010305
07886	0.000330029
07908	0.000695054
07918	0.000240126
07924	0.00113697
07949	0.000850943
08044	0.00011265
08049	7.08169e-05
08051	0.00362855
08092	0.000303971
08093	0.00186627
08132	0.00124538
08133	0.00148155
08134	0.000427007
08145	0.0268109
08173	0.000361751
08178	0.00176894
08210	0.000165476
08212	0.000275089
08258	0.0011351
08276	0.000181552
08300	0.00077171
08349	0.000390489
08353	5.05239e-05
08363	0.000525395
08370	0.00104929
08376	0.000796581
08427	0.0001431
08434	0.0216586
08451	0.000853745
08453	0.000454005
08471	0.000479084
08482	0.000372854
08499	0.000658054
08512	5.35075e-05
08539	0.000515134
0853A	0.000534183
08558	0.000147662
08580	0.00136144
08594	0.00455449
08676	0.00114941
08687	0.000227153
08712	0.00155003
08747	0.00063436
08772	0.000135721
08773	0.000245825
08780	0.00129768
08826	0.0020748
08828	0.00025209
08846	0.000179103
08848	0.00174866
08854	0.00211722
08858	0.00011552
08860	8.53763e-06
08888	0.000562838
08890	6.33223e-05
08892	0.000618804
08913	0.00157533
08964	0.00954388
09010	0.000168905
09021	0.000199467
09033	0.00160104
09055	0.000744743
09072	0.000455239
09085	0.000433094
09182	1.65369e-05
0918A	2.93852e-05
09215	0.00190247
09221	4.33776e-05
09225	0.000156887
09226	0.00106236
09237	3.059e-05
09265	0.00158392
09268	0.0018384
09283	0.000118113
09284	0.000578018
09313	0.000579954
09323	0.00323212
09335	0.0024794
09345	9.87186e-05
09350	0.000354067
09357	0.00531712
09360	0.00222121
09370	6.9828e-05
09417	0.00113146
09444	0.00030185
09479	0.000179828
09486	0.00521199
09503	0.00711389
09514	5.37474e-05
09529	0.00213212
09545	0.00200321
09581	0.000369149
09582	4.80285e-05
09595	0.000519284
09597	0.000115132
09599	0.000820955
09629	0.00108821
09658	0.000103117
09710	0.000197553
09730	0.000287208
09766	2.46852e-05
09788	0.000693279
09789	9.47208e-05
09803	0.000164104
09829	0.001076
09837	0.000770366
09838	0.000131659
0987A	6.78537e-05
09886	0.000164294
09906	0.000361287
09918	0.000277882
09932	0.000618247
09934	0.000301316
09951	0.000729871
09982	5.8688e-05
09986	9.54475e-05
