# format = weight
# date = 20230731
01346	0.000308877
01362	0.00318869
0137A	0.000613983
01384	0.00041734
01419	0.000314218
01454	0.00046691
01482	0.000893036
01484	0.000142215
01488	0.000653837
0148A	0.00244161
01514	0.000626234
01515	3.33662e-05
01555	0.000202733
01572	0.00221485
01587	0.000699891
01607	0.000160681
01616	0.000629924
01649	0.000462415
01659	0.00221175
01678	0.00106242
01681	0.000563339
01682	0.00259831
01729	0.000103216
01763	0.000249218
01821	0.000109973
01846	0.000331576
01855	3.25499e-05
01875	0.00171262
01926	0.000784765
01953	0.000330171
01961	0.000869522
01993	0.000226328
01995	0.0102962
01999	0.000418202
02007	0.00144552
02022	0.000273874
02025	0.000320412
02029	0.000280691
02047	0.00268047
02048	0.000250857
02051	4.62112e-05
02071	0.000338709
02092	0.000199362
02098	3.01366e-05
02103	0.00177996
02167	1.75078e-05
02180	0.00030076
02209	0.000486586
02239	0.00291819
02281	9.41256e-05
02282	0.000441613
02284	0.000369481
02300	0.00177058
02303	0.00197792
02325	6.84056e-05
02340	6.2198e-05
02343	0.000183659
02344	0.00142738
02345	0.00444842
02359	9.33359e-05
02365	6.13674e-05
02425	0.00252554
02432	0.000108006
02449	0.000201352
02452	0.000197246
02473	0.000408962
02482	8.50182e-05
02494	0.000663128
02505	0.000667295
02527	0.000713944
02562	4.64999e-05
02563	0.00269698
02565	0.00012949
02571	0.00211861
02572	0.000508717
02585	0.00121611
02605	0.00554432
02618	6.82896e-05
02630	0.000523928
02638	0.000271571
02649	0.000295356
02654	0.00059119
02681	0.0001184
02684	0.000142467
02694	0.000345064
02725	0.00010079
02730	0.000420187
02768	0.000160724
02776	0.000738705
02802	0.00029161
02813	0.0105276
02826	0.000969767
0283A	0.000806578
02852	0.000935147
02859	0.000792391
02876	0.0017053
02891	0.000853763
02944	0.00144806
02962	0.00694726
0296A	0.00416614
02973	1.75273e-05
02988	0.000211746
03007	0.000125285
03015	0.000444531
03152	0.00561608
03160	0.000272405
03195	5.43333e-05
03234	0.000188613
03244	0.00107143
03268	0.00471362
03281	0.000949613
03297	0.00045063
03302	0.0224554
03323	4.70505e-05
03342	0.00159703
03349	0.000212582
03356	0.000132851
03357	0.00172466
03438	0.00209227
03455	0.0010154
03467	0.000463214
03476	0.00127187
03495	0.000158086
03514	0.00110005
03531	0.000123335
03546	0.000276126
03558	0.000240983
0355A	0.000233097
03569	0.000649595
03581	0.000802621
03585	0.000216028
03617	5.76539e-05
03619	0.000213236
03628	0.000534819
03664	0.000607319
03669	0.000256925
03690	0.00392729
03729	0.000387766
03754	0.000665712
03755	6.79146e-05
03762	0.00703576
03764	0.00077061
03773	0.000289508
03776	0.00406791
03805	0.00282293
03809	0.000229077
03832	0.000139253
03846	0.000912587
03853	0.00198464
03864	0.00204484
03877	0.000341075
03880	4.81871e-05
03920	0.000270244
03944	0.00455626
03961	0.000215486
03962	0.000895186
03967	0.00027571
03982	0.000877355
03983	0.000842683
03988	8.13198e-05
04006	8.02446e-05
04007	0.000151486
04031	0.000392502
0404A	0.000411115
04058	0.015739
04062	5.28327e-05
04090	0.00301159
04149	0.000129341
04170	0.000203826
04194	0.000526685
04209	0.000360457
0423A	5.84949e-05
04274	0.00386505
04300	0.000276922
04308	0.000316677
04319	0.000378721
04333	0.000174801
04347	0.000114272
04362	3.80055e-05
04392	0.000811127
04426	0.00030807
04435	0.000130067
04465	0.00246136
04474	0.00253742
04524	0.00029746
04578	0.000362863
04662	0.00388223
04666	4.2833e-05
04676	0.000247949
0467A	3.43128e-05
04689	0.000225326
04703	9.7072e-05
04713	0.00133677
0471A	0.00093191
04762	0.000237637
04779	6.73228e-05
04810	0.000632941
04854	0.0104894
04863	0.00732991
04865	0.00078623
04885	0.000285037
04907	0.00439897
04911	0.000469227
04918	0.00209164
04922	0.000860276
04940	0.00142117
04966	0.017345
04971	0.000460133
04994	0.000428807
04998	0.000365883
05005	0.00131613
05012	0.00510132
05020	2.71179e-05
05027	0.00184976
05045	0.000347458
05049	0.000986473
05078	0.00374895
05092	0.00365759
05102	0.000265619
05108	0.00265456
05115	0.000821525
05131	0.000397939
05145	0.00117658
05168	8.37864e-05
05183	0.0017618
05189	0.000222378
05198	0.0074159
05215	0.000398274
05244	0.00036666
05282	0.0021325
05284	0.00016682
05285	0.0012394
05316	0.000202736
05349	0.0017308
05369	2.91294e-05
05373	0.00772543
05388	0.000474752
05407	0.000192994
05416	0.00171854
05417	0.000549407
05420	0.000300789
05423	0.000314064
05435	0.00140876
05458	0.00208082
05463	0.000889338
05476	0.000384187
05484	0.000184508
0554A	0.000816825
05556	8.54765e-05
05569	0.000233667
05580	0.00235608
05581	3.31397e-05
05624	3.80418e-05
05659	0.00498197
05677	0.00300858
05681	0.00169648
0572A	0.00151954
05744	0.000268101
05764	2.0557e-05
05769	0.000395114
05773	0.00150084
05816	0.000178037
05821	0.00244607
0583A	0.000942586
05855	0.000144348
05859	0.000289165
05866	7.83142e-05
05868	0.00085619
05873	0.00242833
05874	0.00020731
05881	0.00180214
05886	0.00113153
05910	0.000364149
05915	3.48628e-05
05920	1.04523e-05
05928	0.000811639
05957	0.00221177
05960	0.000898013
05969	0.000762066
05978	0.000494872
05984	0.00300501
05988	0.000143408
06039	2.49971e-05
06106	0.00167825
06135	0.000470749
06154	0.000283826
06172	3.91352e-05
06184	0.000345694
06224	0.00620475
06257	0.000309369
06263	0.000544217
06264	0.00188733
0626A	3.43086e-05
06277	0.00139707
06297	0.000760194
06402	0.00027237
06418	0.00272312
06423	7.91763e-05
06435	0.000238387
06437	0.00273992
06454	0.000793562
06466	0.000857018
06477	0.000691046
06489	0.00126112
06494	0.00420113
06533	0.00107591
06536	9.04257e-05
06538	9.23947e-05
06544	0.00040346
06559	0.000176378
06562	0.000292026
06671	0.000446519
06694	0.000515943
0671A	0.00279834
06737	0.00241151
0673A	0.000302685
06751	0.00129798
06770	0.00419996
06808	0.00230521
06837	0.000298537
06862	0.00294703
06882	0.000299662
06908	0.000829403
06914	0.000455529
06918	0.000118557
06920	0.0008258
06925	0.0308221
06939	0.00116442
06967	0.00225419
06976	0.000308528
06977	0.000145151
06981	0.000479418
07005	9.92261e-05
07017	0.00274604
07045	0.00574197
07079	0.188613
07081	8.00166e-05
07084	0.000774932
07103	0.00297973
07136	0.00054973
07173	3.45067e-05
07201	6.14084e-05
07230	0.000151864
07272	0.00374844
07283	0.00568012
07290	6.23944e-05
07379	0.00020541
07393	0.00523447
07416	0.00131651
07429	0.0060746
07440	0.000346381
07441	0.000391666
07461	0.023242
07486	0.00321883
07490	0.000162404
07558	0.0110241
07585	0.000303955
07602	0.000542014
07609	0.00657752
07619	0.000286333
07636	4.35599e-05
07637	0.0314204
07642	0.0204801
07645	0.000290631
07647	0.00125087
07655	0.00766396
07663	6.51353e-05
07685	0.004078
07694	0.00020829
07697	0.000757926
07719	0.000533421
07726	0.000680851
07739	0.0128298
07772	0.00105214
07786	0.000670167
07788	0.000632442
07790	0.000498607
07816	0.00182252
07845	2.17924e-05
07853	0.000997463
07861	0.000340715
07872	0.00204768
07874	0.00101206
07884	0.000259388
07908	0.000682616
07918	0.000235829
07924	0.00111663
07949	0.000835716
08003	0.00123061
08044	0.000110634
08045	0.00187478
08049	6.95496e-05
08051	0.00356362
08092	0.000298531
08093	0.00183288
08130	0.000408411
08133	0.00145503
08145	0.0263311
08173	0.000355278
08212	0.000270167
08258	0.00111478
08263	0.00771352
08276	0.000178303
08300	0.0007579
08314	0.00331963
08349	0.000383501
08353	4.96198e-05
08363	0.000515993
08370	0.00103052
08376	0.000782326
08427	0.000140539
08434	0.021271
08451	0.000838467
08453	0.000445881
08471	0.000470511
08482	0.000366182
08499	0.000646278
08512	5.255e-05
08539	0.000505916
0853A	0.000524624
08580	0.00133708
08594	0.00447299
08676	0.00112884
08686	6.57238e-05
08687	0.000223088
08747	0.000623008
08773	0.000241426
08780	0.00127446
08826	0.00203767
08828	0.000247579
08846	0.000175898
08848	0.00171737
08858	0.000113452
08860	8.38485e-06
08888	0.000552767
08890	6.21892e-05
08892	0.000607731
08964	0.0093731
09010	0.000165883
09033	0.00157239
09055	0.000731416
09182	1.6241e-05
09215	0.00186842
09217	0.00028251
09220	9.02685e-05
09221	4.26014e-05
09225	0.00015408
09226	0.00104335
09232	0.00145987
09237	3.00426e-05
09263	0.000170917
09265	0.00155558
09268	0.0018055
09278	0.000322888
09283	0.000115999
09313	0.000569576
09323	0.00317428
09335	0.00243503
09345	9.69521e-05
09350	0.000347731
09357	0.00522198
09360	0.00218146
09370	6.85784e-05
09479	0.00017661
09486	0.00511872
09503	0.00698659
09529	0.00209396
09534	0.0163992
09547	4.05874e-05
09574	0.000893502
09582	4.71691e-05
09595	0.000509992
09597	0.000113072
09599	0.000806264
09629	0.00106874
09658	0.000101272
09710	0.000194018
09730	0.000282068
09738	0.00380711
09766	2.42434e-05
09788	0.000680873
09789	9.30258e-05
09803	0.000161168
09829	0.00105675
09837	0.00075658
09838	0.000129303
09881	0.000424709
09883	0.00503658
09886	0.000161354
09896	0.00145534
09906	0.000354822
09918	0.00027291
09932	0.000607184
09934	0.000295924
09951	0.00071681
09982	5.76378e-05
09986	9.37395e-05
