# format = weight
# date = 20230831
01346	0.000362145
01356	0.000257886
01361	0.0026423
01362	0.0037386
0137A	0.000719868
01384	0.000489313
01419	0.000368407
01454	0.00054743
01464	0.00027454
01482	0.00104704
01484	0.000166741
01488	0.000766594
0148A	0.00286268
01515	3.91204e-05
01555	0.000237695
01572	0.00259681
01587	0.000820591
01607	0.000188392
01616	0.000738558
01649	0.00054216
01659	0.00259318
01678	0.00124564
01681	0.00066049
01682	0.0030464
01729	0.000121016
01763	0.000292197
01780	3.02273e-05
01783	0.0302439
01821	0.000128938
01846	0.000388757
01855	3.81633e-05
01876	0.000173104
01926	0.000920102
01993	0.000265359
01995	0.0120718
01999	0.000490323
02007	0.0016948
02022	0.000321104
02029	0.000329098
02047	0.00314273
02048	0.000294119
02066	0.00203914
02071	0.000397121
02092	0.000233743
02103	0.00208693
02104	0.00317394
02167	2.05271e-05
02180	0.000352628
0219A	0.00064931
02209	0.0005705
02210	0.000457226
02239	0.00342144
02244	0.000364973
02281	0.000110358
02282	0.000517771
02284	0.0004332
02303	0.00231902
02325	8.02025e-05
02340	7.29244e-05
02343	0.000215332
02344	0.00167354
02345	0.00521557
02359	0.000109432
02364	0.000329596
02365	7.19505e-05
02421	0.000277258
02425	0.00296108
02432	0.000126632
02452	0.000231262
02473	0.00047949
02482	9.968e-05
02494	0.000777488
02511	0.000189997
02527	0.000837067
02562	5.4519e-05
02563	0.00316209
02565	0.000151822
02571	0.00248398
02572	0.000596448
02585	0.00142584
02605	0.00650047
02618	8.00664e-05
02630	0.000614282
02638	0.000318404
02649	0.000346292
02681	0.000138818
02684	0.000167036
02694	0.000404572
02725	0.000118171
02730	0.00049265
02768	0.000188442
02787	0.000696975
02802	0.0003419
02813	0.0123431
02826	0.00113701
02831	0.00020761
02852	0.00109642
02859	0.000929042
02876	0.00199939
02891	0.001001
02938	0.000162718
02944	0.00169779
02962	0.00814535
0296A	0.00488461
02973	2.055e-05
02988	0.000248262
03015	0.000521192
03073	0.00815299
03152	0.0065846
03160	0.000319382
03234	0.00022114
03244	0.00125621
03259	0.00556428
03268	0.0055265
03281	0.00111338
03284	0.000475077
03297	0.000528344
03302	0.0263279
03323	5.51646e-05
03342	0.00187245
03356	0.000155761
03455	0.00119051
03476	0.00149121
03495	0.000185349
03514	0.00128976
03531	0.000144604
03546	0.000323745
03558	0.000282542
0355A	0.000273296
03569	0.000761621
03585	0.000253283
03617	6.75966e-05
03619	0.000250009
03628	0.000627051
03664	0.000712054
03672	0.000740598
03683	0.00405566
03696	9.15838e-05
03729	0.000454638
03754	0.000780518
03762	0.00824911
03764	0.000903506
03773	0.000339434
03776	0.00476944
03797	0.00185598
03809	0.000268583
03815	0.00275
03846	0.00106997
03853	0.0023269
03880	5.64972e-05
03920	0.000316849
03944	0.00534201
03961	0.000252648
03962	0.00104956
03967	0.000323258
03981	0.00135817
03982	0.00102866
03983	0.000988007
03988	9.53437e-05
04006	9.40831e-05
04007	0.000177611
04058	0.0184533
04062	6.1944e-05
04119	0.000316636
04149	0.000151647
04170	0.000238977
04177	0.00985191
04194	0.000617514
0419A	0.000394546
04209	0.00042262
04274	0.00453159
04300	0.000324678
04308	0.000371289
04319	0.000444033
04333	0.000204946
04347	0.000133979
04362	4.45597e-05
04392	0.000951009
04426	0.000361198
04435	0.000152497
04465	0.00288583
04524	0.000348759
04529	0.000172441
04549	0.00123005
04578	0.000425441
04666	5.02198e-05
04676	0.000290709
0467A	4.02302e-05
04689	0.000264185
04703	0.000113813
0471A	0.00109262
04784	0.00188408
04810	0.000742095
04818	0.000352952
04854	0.0122983
04863	0.00859399
04865	0.000921819
04873	2.50052e-05
04894	5.57981e-05
04897	0.00533531
04911	0.000550147
04918	0.00245235
04922	0.00100863
04940	0.00166625
04966	0.0203362
04971	0.000539485
04987	0.000139759
04998	0.000428981
05008	0.0139673
05011	0.000930594
05012	0.00598107
05020	3.17945e-05
05027	0.00216876
05045	0.000407378
05049	0.00115659
05078	0.00439547
05092	0.00428836
05108	0.00311236
05115	0.0009632
05131	0.000466565
05168	9.82357e-05
05180	9.10467e-06
05183	0.00206563
05189	0.000260729
05198	0.00869481
05244	0.000429892
05282	0.00250026
05284	0.000195589
05285	0.00145314
05316	0.000237699
05349	0.00202929
05369	3.41529e-05
05407	0.000226276
05416	0.00201491
05417	0.000644154
05423	0.000368226
05429	0.000251384
05458	0.00243967
05463	0.00104271
05476	0.000450442
05484	0.000216327
05556	0.000100217
05569	0.000273964
05579	3.1473e-05
05580	0.0027624
05624	4.46023e-05
05654	0.00101177
05659	0.00584113
05677	0.00352743
05681	0.00198905
05702	8.36561e-05
05744	0.000314336
05764	2.41022e-05
05769	0.000463253
05816	0.00020874
05821	0.00286791
0583A	0.00110514
05855	0.000169241
05859	0.000339032
05873	0.00284711
05881	0.00211293
05886	0.00132667
05910	0.000426948
05915	4.08751e-05
05920	1.22548e-05
05928	0.00095161
05957	0.0025932
05960	0.00105288
05964	0.000109941
05969	0.000893487
05978	0.000580215
05988	0.000168139
06061	0.00556401
06154	0.000332773
06172	4.58842e-05
06184	0.000405311
06257	0.000362722
06263	0.00063807
06264	0.00221281
0626A	4.02252e-05
06277	0.001638
06297	0.000891293
06347	0.00508898
06402	0.000319341
06423	9.28306e-05
06435	0.000279498
06454	0.000930416
06466	0.00100482
06489	0.00147861
06494	0.00492563
06533	0.00126146
06536	0.00010602
06544	0.000473039
06562	0.000342387
06616	0.00104589
06671	0.000523524
06694	0.00060492
0671A	0.00328093
06735	7.28825e-05
06737	0.00282739
0673A	0.000354884
06751	0.00152182
06770	0.00492426
06777	0.000767241
06792	0.00121064
06801	0.00219931
06808	0.00270276
06832	0.02173
06837	0.000350021
06842	0.000777945
06862	0.00345526
06882	0.00035134
06914	0.000534087
06918	0.000139003
06925	0.0361376
06967	0.00264294
06977	0.000170182
06981	0.000562096
07005	0.000116338
07017	0.00321961
07045	0.0067322
07081	9.38158e-05
07103	0.0034936
07136	0.000644534
07173	4.04575e-05
07201	7.19986e-05
07230	0.000178053
07272	0.00439488
07283	0.00665969
07290	7.31546e-05
07311	0.00067034
07321	0.000225653
07379	0.000240834
07393	0.00613718
07416	0.00154355
07429	0.00712219
07433	0.00436627
07440	0.000406116
07441	0.000459211
07461	0.0272501
07486	0.00377393
07506	0.00304214
07508	0.000600427
07558	0.0129252
07585	0.000356374
07602	0.000635487
07609	0.00771184
07636	5.1072e-05
07637	0.0368391
07642	0.024012
07645	0.000340751
07647	0.00146659
07655	0.00898565
07658	0.00135343
07663	7.63682e-05
07665	0.000123758
07685	0.00478127
07694	0.00024421
07719	0.000625412
07726	0.000798267
07739	0.0150424
07772	0.00123359
07786	0.000785741
07788	0.00074151
07790	0.000584594
07845	2.55506e-05
07853	0.00116948
07861	0.000399473
07872	0.00240082
07874	0.00118659
07884	0.000304121
07886	0.00038002
07908	0.000800337
07924	0.00130919
07949	0.000979839
08003	0.00144284
08051	0.00417818
08092	0.000350015
08130	0.000478843
08132	0.00143402
08134	0.000491688
08145	0.030872
08155	0.000263117
08173	0.000416547
08178	0.00203689
08210	0.000190542
08212	0.000316758
08258	0.00130703
08263	0.00904375
08276	0.000209052
08300	0.000888603
08314	0.00389212
08353	5.8177e-05
08363	0.000604978
08370	0.00120823
08376	0.000917242
08434	0.0249393
08451	0.000983065
08453	0.000522775
08471	0.000551653
08482	0.000429332
08499	0.000757732
08539	0.000593164
0853A	0.000615098
08558	0.000170028
08580	0.00156766
08594	0.00524437
08676	0.00132352
08686	7.70582e-05
08687	0.000261561
08712	0.00178482
08772	0.000156279
08780	0.00149425
08826	0.00238907
08828	0.000290275
08846	0.000206232
08848	0.00201354
08858	0.000133018
08860	9.83086e-06
08879	0.000227056
08888	0.000648094
08890	7.2914e-05
08892	0.000712537
08913	0.00181395
08964	0.0109895
09010	0.00019449
09021	0.000229681
09055	0.000857553
09072	0.000524195
09085	0.000498696
09182	1.90418e-05
0918A	3.38363e-05
09217	0.000331231
09220	0.000105836
09225	0.000180652
09232	0.00171163
09263	0.000200393
09265	0.00182384
09268	0.00211687
09283	0.000136004
09284	0.000665573
09302	0.000109334
09313	0.000667802
09335	0.00285496
09345	0.000113672
09350	0.000407698
09357	0.00612253
09360	0.00255767
09370	8.04051e-05
09417	0.00130284
09444	0.000347572
09479	0.000207068
09486	0.00600147
09503	0.00819146
09514	6.18888e-05
09534	0.0192274
09545	0.00230665
09547	4.75869e-05
09574	0.00104759
09581	0.000425065
09582	5.53036e-05
09597	0.000132571
09599	0.000945309
09629	0.00125305
09658	0.000118736
09693	0.00131061
09710	0.000227477
09730	0.000330712
09738	0.00446366
09788	0.000798293
09789	0.000109069
09803	0.000188962
09829	0.00123899
09881	0.000497952
09883	0.00590517
09886	0.00018918
09896	0.00170631
09918	0.000319974
09932	0.000711895
09934	0.000346958
09951	0.000840428
09982	6.75777e-05
09986	0.000109905
