# format = weight
# date = 20231031
01361	0.00212664
01362	0.00300899
0137A	0.000579381
01419	0.000296509
01454	0.000440596
01464	0.000220962
01484	0.0001342
01488	0.000616988
01489	0.000946853
0148A	0.00230401
01492	5.29236e-05
01514	0.000590941
01555	0.000191307
01572	0.00209003
01587	0.000660447
01607	0.000151626
01616	0.000594423
01649	0.000436354
01659	0.0020871
01678	0.00100255
01681	0.000531591
01682	0.00245187
01729	9.73988e-05
01763	0.000235173
01780	2.43283e-05
01783	0.0243416
01821	0.000103775
01846	0.000312889
01855	3.07155e-05
01875	0.0016161
01876	0.000139322
01926	0.000740537
01953	0.000311563
01961	0.000820517
01995	0.00971593
01999	0.000394633
02007	0.00136405
02022	0.000258439
02025	0.000302354
02047	0.00252941
02048	0.00023672
02051	4.36069e-05
02066	0.00164119
02071	0.00031962
02092	0.000188126
02098	2.84382e-05
02103	0.00167965
02104	0.00255452
02167	1.65211e-05
02180	0.00028381
0219A	0.000522593
02209	0.000459163
02216	0.000830224
02239	0.00275373
02244	0.000293746
02281	8.88209e-05
02282	0.000416724
02284	0.000348658
02300	0.00167079
02303	0.00186644
02325	6.45504e-05
02340	5.86927e-05
02343	0.000173308
02344	0.00134693
02359	8.80757e-05
02365	5.79089e-05
02421	0.000223149
02425	0.00238321
02432	0.000101919
02452	0.000186129
02473	0.000385914
02482	8.02267e-05
02505	0.000629687
02511	0.000152918
02527	0.000673708
02544	5.83196e-05
02562	4.38792e-05
02563	0.00254499
02565	0.000122193
02571	0.00199921
02572	0.000480047
02585	0.00114758
02605	0.00523186
02618	6.44409e-05
02630	0.000494401
02638	0.000256266
02649	0.00027871
02654	0.000557871
02681	0.000111727
02684	0.000134438
02694	0.000325617
02732	0.00173111
02776	0.000697073
02787	0.000560956
02802	0.000275176
02813	0.00993429
02826	0.000915113
02831	0.000167094
0283A	0.000761121
02852	0.000882444
02859	0.000747733
02876	0.00160919
02891	0.000805647
02938	0.000130962
02944	0.00136645
02962	0.00655573
0296A	0.00393135
02973	1.65395e-05
02988	0.000199812
03015	0.000419478
03152	0.00529957
03160	0.000257053
03195	5.12712e-05
03259	0.00447837
03268	0.00444797
03281	0.000896095
03284	0.000382363
03297	0.000425234
03302	0.0211898
03323	4.43989e-05
03342	0.00150703
03349	0.000200601
03357	0.00162746
03455	0.000958176
03467	0.000437108
03476	0.00120019
03495	0.000149177
03514	0.00103805
03531	0.000116384
03546	0.000260564
03558	0.000227402
0355A	0.00021996
03569	0.000612986
03585	0.000203853
03617	5.44047e-05
03619	0.000201218
03628	0.000504678
03664	0.000573091
03669	0.000242445
03672	0.000596065
03690	0.00370596
03696	7.37106e-05
03729	0.000365912
03754	0.000628194
03755	6.4087e-05
03762	0.00663924
03764	0.00072718
03773	0.000273191
03776	0.00383865
03797	0.00149377
03805	0.00266384
03809	0.000216167
03815	0.00221332
03832	0.000131405
03846	0.000861156
03853	0.00187279
03864	0.0019296
03877	0.000321853
03880	4.54714e-05
03920	0.000255014
03944	0.00429948
03962	0.000844735
03967	0.000260172
03981	0.00109312
03982	0.000827909
03983	0.000795191
03988	7.67368e-05
04006	7.57222e-05
04007	0.000142949
04031	0.000370381
04055	6.02901e-05
04058	0.014852
04062	4.98552e-05
04071	0.00118549
04090	0.00284186
04119	0.000254842
04149	0.000122052
04170	0.000192339
04177	0.00792924
04194	0.000497002
0419A	0.000317548
04209	0.000340143
0423A	5.51982e-05
04274	0.00364722
04300	0.000261315
04308	0.00029883
04333	0.00016495
04347	0.000107832
04362	3.58636e-05
04392	0.000765413
04426	0.000290708
04435	0.000122736
04465	0.00232264
04474	0.00239441
04482	1.1341e-05
04524	0.000280696
04529	0.000138788
04549	0.00099
04578	0.000342413
04662	0.00366344
0467A	3.2379e-05
04689	0.000212627
0471A	0.000879389
04762	0.000224244
04779	6.35286e-05
04784	0.00151639
04810	0.00059727
04818	0.000284071
04854	0.00989822
04863	0.00691681
04865	0.00074192
04873	2.01252e-05
04885	0.000268973
04897	0.00429408
04913	0.001604
04918	0.00197376
04922	0.000811792
04940	0.00134107
04966	0.0163675
04971	0.0004342
04987	0.000112484
04994	0.000404641
04998	0.000345263
05005	0.00124196
05008	0.0112415
05011	0.000748982
05012	0.00481382
05020	2.55896e-05
05049	0.000930877
05078	0.00353766
05092	0.00345146
05102	0.00025065
05108	0.00250496
05131	0.000375512
05168	7.90643e-05
05180	7.32783e-06
05183	0.00166251
05198	0.00699796
05215	0.000375828
05222	3.74383e-05
05244	0.000345995
05282	0.00201232
05284	0.000157419
05285	0.00116955
05316	0.00019131
05373	0.00729004
05388	0.000447996
05407	0.000182117
05417	0.000518443
05420	0.000283837
05429	0.000202325
05435	0.00132937
05463	0.000839217
05476	0.000362535
05481	0.0124448
05484	0.000174109
0554A	0.000770791
05556	8.06592e-05
05569	0.000220498
05579	2.53308e-05
05580	0.00222329
05581	3.1272e-05
05624	3.58978e-05
05654	0.000814319
05677	0.00283902
05681	0.00160087
05744	0.000252991
05764	1.93985e-05
05769	0.000372846
05773	0.00141626
05816	0.000168003
05821	0.00230822
0583A	0.000889464
05855	0.000136213
05866	7.39006e-05
05868	0.000807937
05873	0.00229148
05881	0.00170058
05886	0.00106776
05910	0.000343626
05915	3.2898e-05
05920	9.8632e-06
05928	0.000765897
05957	0.00208712
05960	0.000847403
05964	8.84851e-05
05978	0.000466982
05984	0.00283565
05988	0.000135326
06039	2.35883e-05
06061	0.00447816
06106	0.00158367
06135	0.000444218
06154	0.00026783
06172	3.69296e-05
06184	0.000326212
06224	0.00585506
06257	0.000291934
06263	0.000513546
06264	0.00178097
0626A	3.2375e-05
06277	0.00131833
06297	0.000717351
06347	0.00409583
06402	0.00025702
06435	0.000224952
06437	0.00258551
06466	0.000808719
06489	0.00119005
06494	0.00396436
06517	0.00125071
06533	0.00101527
06538	8.71875e-05
06544	0.000380722
06559	0.000166438
06562	0.000275568
06616	0.000841777
06671	0.000421354
06694	0.000486865
0671A	0.00264063
06737	0.00227561
0673A	0.000285626
06777	0.000617509
06792	0.000974372
06801	0.0017701
06808	0.00217529
06832	0.0174892
06842	0.000626124
06862	0.00278094
06882	0.000282773
06886	0.000422396
06908	0.000782659
06914	0.000429856
06918	0.000111875
06925	0.0290851
06939	0.0010988
06976	0.00029114
06977	0.00013697
06981	0.000452399
07005	9.36339e-05
07017	0.00259128
07079	0.177983
07081	7.5507e-05
07084	0.000731259
07103	0.0028118
07123	6.89695e-05
07136	0.000518749
07173	3.2562e-05
07230	0.000143305
07249	0.000492567
07272	0.00353719
07283	0.00536
07290	5.8878e-05
07311	0.000539519
07321	0.000181616
07379	0.000193833
07393	0.00493947
07429	0.00573225
07433	0.00351417
07440	0.000326859
07441	0.000369593
07461	0.0219321
07486	0.00303742
07490	0.000153251
07508	0.000483249
07558	0.0104028
07585	0.000286825
07602	0.000511468
07609	0.00620682
07619	0.000270196
07636	4.11049e-05
07637	0.0296497
07645	0.000274251
07655	0.00723204
07658	0.0010893
07663	6.14644e-05
07685	0.00384817
07694	0.000196551
07697	0.000715211
07719	0.000503359
07726	0.00064248
07739	0.0121068
07772	0.000992844
07786	0.000632398
07788	0.000596799
07790	0.000470506
07845	2.05643e-05
07853	0.000941248
07861	0.000321513
07872	0.00193228
07874	0.000955021
07884	0.00024477
07886	0.000305857
07908	0.000644145
07918	0.000222538
07924	0.00105369
07949	0.000788616
08003	0.00116126
08044	0.000104399
08045	0.00176912
08049	6.563e-05
08051	0.00336278
08092	0.000281707
08093	0.00172958
08130	0.000385394
08133	0.00137303
08134	0.000395731
08145	0.0248471
08155	0.000211768
08173	0.000335255
08178	0.00163937
08210	0.000153356
08212	0.000254941
08258	0.00105196
08263	0.0072788
08276	0.000168254
08300	0.000715186
08314	0.00313255
08349	0.000361888
08363	0.000486912
08370	0.000972438
08427	0.000132619
08434	0.0200722
08451	0.000791213
08453	0.000420752
08471	0.000443994
08482	0.000345545
08539	0.000477404
0853A	0.000495057
08558	0.000136846
08594	0.0042209
08676	0.00106522
08687	0.000210515
08712	0.0014365
08747	0.000587897
08772	0.00012578
08773	0.00022782
08780	0.00120263
08826	0.00192283
08828	0.000233626
08846	0.000165985
08848	0.00162059
08854	0.00196214
08858	0.000107058
08879	0.000182744
08888	0.000521614
08890	5.86843e-05
08892	0.000573481
08913	0.00145994
08964	0.00884485
09021	0.000184857
09033	0.00148377
09072	0.000421895
09085	0.000401372
09182	1.53257e-05
0918A	2.72329e-05
09215	0.00176312
09217	0.000266589
09220	8.51812e-05
09221	4.02004e-05
09225	0.000145396
09232	0.0013776
09237	2.83495e-05
09263	0.000161285
09265	0.00146791
09268	0.00170375
09278	0.000304691
09302	8.79964e-05
09313	0.000537476
09323	0.00299538
09335	0.0022978
09345	9.14881e-05
09350	0.000328133
09360	0.00205852
09370	6.47135e-05
09417	0.00104858
09444	0.000279741
09486	0.00483024
09503	0.00659284
09514	4.98107e-05
09529	0.00197595
09534	0.015475
09545	0.00185649
09547	3.83e-05
09574	0.000843146
09582	4.45107e-05
09595	0.00048125
09597	0.000106699
09599	0.000760825
09629	0.00100851
09658	9.55642e-05
09693	0.00105484
09710	0.000183084
09730	0.000266171
09738	0.00359255
09766	2.28771e-05
09788	0.0006425
09789	8.7783e-05
09803	0.000152085
09829	0.000997193
09837	0.000713941
09838	0.000122016
09881	0.000400773
09883	0.00475273
09886	0.000152261
09896	0.00137332
09906	0.000334825
09918	0.000257529
09932	0.000572964
09934	0.000279246
09951	0.000676412
09986	8.84566e-05
