# format = weight
# date = 20230331
01346	0.000293315
01356	0.000208871
01361	0.0021401
01362	0.00302803
0137A	0.000583048
01384	0.000396313
01419	0.000298386
01454	0.000443385
01482	0.00084804
01484	0.00013505
0148A	0.00231859
01492	5.32586e-05
01514	0.000594681
01515	3.16851e-05
01555	0.000192518
01572	0.00210326
01587	0.000664628
01607	0.000152585
01616	0.000598186
01649	0.000439116
01659	0.00210031
01678	0.00100889
01681	0.000534956
01682	0.00246739
01763	0.000236661
01780	2.44823e-05
01783	0.0244957
01821	0.000104432
01846	0.000314869
01875	0.00162633
01876	0.000140204
01926	0.000745225
01953	0.000313535
01961	0.000825711
01995	0.00977743
01999	0.000397131
02007	0.00137268
02022	0.000260075
02025	0.000304268
02029	0.000266549
02047	0.00254542
02048	0.000238218
02051	4.38829e-05
02066	0.00165158
02071	0.000321643
02092	0.000189317
02098	2.86182e-05
02103	0.00169028
02104	0.00257069
02167	1.66257e-05
02180	0.000285606
02185	0.000865082
0219A	0.000525901
02244	0.000295605
02281	8.93831e-05
02282	0.000419362
02284	0.000350865
02300	0.00168137
02303	0.00187826
02325	6.4959e-05
02340	5.90642e-05
02344	0.00135546
02345	0.00422429
02359	8.86332e-05
02364	0.000266952
02365	5.82754e-05
02421	0.000224561
02432	0.000102564
02449	0.000191207
02452	0.000187308
02473	0.000388357
02482	8.07346e-05
02494	0.000629717
02505	0.000633673
02511	0.000153886
02527	0.000677972
02544	5.86888e-05
02562	4.4157e-05
02563	0.0025611
02565	0.000122966
02571	0.00201187
02572	0.000483086
02585	0.00115484
02618	6.48488e-05
02630	0.00049753
02638	0.000257888
02649	0.000280475
02654	0.000561403
02681	0.000112434
02684	0.000135289
02694	0.000327678
02725	9.57114e-05
02730	0.000399016
02732	0.00174207
02768	0.000152626
02776	0.000701486
02787	0.000564507
02802	0.000276917
02813	0.00999717
02826	0.000920906
02831	0.000168151
02852	0.00088803
02859	0.000752466
02876	0.00161938
02891	0.000810747
02938	0.000131791
02944	0.0013751
02962	0.00659723
0296A	0.00395623
02973	1.66442e-05
02988	0.000201077
02989	0.000675454
03007	0.000118972
03073	0.00660341
03152	0.00533311
03160	0.00025868
03195	5.15957e-05
03234	0.000179109
03244	0.00101745
03259	0.00450672
03268	0.00447612
03281	0.000901767
03284	0.000384783
03297	0.000427926
03302	0.0213239
03323	4.46799e-05
03342	0.00151657
03349	0.000201871
03357	0.00163776
03455	0.000964241
03467	0.000439875
03476	0.00120779
03495	0.000150121
03514	0.00104462
03531	0.00011712
03546	0.000262213
03558	0.000228842
0355A	0.000221353
03569	0.000616866
03581	0.000762181
03585	0.000205143
03619	0.000202492
03628	0.000507873
03664	0.000576719
03669	0.00024398
03683	0.00328483
03690	0.00372942
03696	7.41772e-05
03729	0.000368229
03754	0.000632171
03755	6.44927e-05
03762	0.00668127
03764	0.000731783
03773	0.000274921
03776	0.00386295
03797	0.00150323
03805	0.0026807
03809	0.000217535
03815	0.00222733
03832	0.000132237
03846	0.000866607
03853	0.00188464
03877	0.00032389
03880	4.57592e-05
03920	0.000256628
03944	0.00432669
03961	0.000204629
03962	0.000850082
03981	0.00110004
03983	0.000800224
03988	7.72225e-05
04006	7.62015e-05
04031	0.000372726
0404A	0.000390401
04058	0.014946
04062	5.01708e-05
04090	0.00285985
04119	0.000256456
04149	0.000122824
04170	0.000193556
04177	0.00797943
04194	0.000500148
0419A	0.000319558
04209	0.000342296
0423A	5.55476e-05
04274	0.00367031
04300	0.000262969
04308	0.000300721
04319	0.000359639
04333	0.000165994
04347	0.000108515
04362	3.60906e-05
04392	0.000770258
04426	0.000292548
04435	0.000123513
04465	0.00233734
04474	0.00240957
04482	1.14128e-05
04524	0.000282473
04529	0.000139666
04549	0.000996266
04578	0.000344581
04662	0.00368663
04666	4.06749e-05
04676	0.000235456
04689	0.000213973
04713	0.00126942
0471A	0.000884956
04762	0.000225664
04779	6.39307e-05
04784	0.00152599
04810	0.000601051
04818	0.000285869
04854	0.00996087
04863	0.00696059
04865	0.000746616
04885	0.000270676
04894	4.5193e-05
04897	0.00432127
04911	0.000445585
04913	0.00161416
04918	0.00198625
04922	0.000816931
04940	0.00134956
04966	0.0164711
04971	0.000436949
04987	0.000113196
04994	0.000407202
04998	0.000347448
05005	0.00124982
05008	0.0113126
05011	0.000753723
05012	0.00484429
05020	2.57516e-05
05027	0.00175656
05045	0.000329951
05049	0.00093677
05078	0.00356006
05092	0.0034733
05102	0.000252236
05108	0.00252081
05115	0.000780132
05131	0.000377889
05145	0.0011173
05168	7.95648e-05
05183	0.00167304
05198	0.00704225
05215	0.000378207
05222	3.76753e-05
05282	0.00202506
05284	0.000158415
05285	0.00117695
05316	0.000192521
05349	0.0016436
05369	2.76617e-05
05373	0.00733619
05388	0.000450832
05407	0.00018327
05416	0.00163195
05417	0.000521725
05420	0.000285634
05423	0.00029824
05429	0.000203605
05435	0.00133778
05476	0.00036483
05481	0.0125236
05484	0.000175211
0554A	0.00077567
05556	8.11698e-05
05569	0.000221894
05579	2.54911e-05
05580	0.00223737
05581	3.147e-05
05654	0.000819474
05659	0.00473095
05677	0.002857
05681	0.001611
05702	6.77563e-05
0572A	0.00144298
05744	0.000254593
05769	0.000375206
05773	0.00142522
05816	0.000169067
05821	0.00232283
0583A	0.000895094
05855	0.000137075
05859	0.000274595
05868	0.000813051
05873	0.00230598
05874	0.000196864
05881	0.00171134
05886	0.00107452
05910	0.000345801
05915	3.31063e-05
05920	9.92564e-06
05928	0.000770745
05957	0.00210033
05988	0.000136182
06039	2.37376e-05
06106	0.00159369
06135	0.00044703
06172	3.71634e-05
06184	0.000328277
06224	0.00589212
06257	0.000293782
06263	0.000516797
06264	0.00179224
06347	0.00412176
06402	0.000258647
06418	0.00258592
06423	7.5187e-05
06454	0.000753579
06466	0.000813838
06477	0.000656228
06489	0.00119758
06494	0.00398946
06517	0.00125863
06533	0.0010217
06536	8.58696e-05
06538	8.77394e-05
06544	0.000383132
06559	0.000167492
06616	0.000847105
06671	0.000424022
06694	0.000489947
0671A	0.00265735
06735	5.90303e-05
06751	0.00123258
06777	0.000621418
06801	0.0017813
06808	0.00218906
06832	0.0176
06837	0.000283495
06842	0.000630087
06862	0.00279855
06882	0.000284563
06886	0.00042507
06908	0.000787614
06914	0.000432577
06918	0.000112584
06920	0.000784192
06976	0.000292983
06977	0.000137837
06981	0.000455263
07017	0.00260769
07045	0.00545266
07079	0.179109
07081	7.5985e-05
07084	0.000735888
07103	0.0028296
07123	6.9406e-05
07136	0.000522032
07173	3.27681e-05
07201	5.83144e-05
07230	0.000144212
07249	0.000495685
07272	0.00355958
07283	0.00539393
07311	0.000542934
07379	0.00019506
07393	0.00497073
07416	0.00125018
07429	0.00576853
07433	0.00353641
07440	0.000328928
07441	0.000371932
07461	0.0220709
07486	0.00305665
07490	0.000154221
07506	0.00246394
07508	0.000486308
07558	0.0104686
07585	0.000288641
07602	0.000514705
07609	0.00624611
07619	0.000271907
07636	4.13651e-05
07637	0.0298373
07642	0.0194482
07645	0.000275987
07655	0.00727782
07658	0.00109619
07663	6.18535e-05
07665	0.000100237
07685	0.00387253
07694	0.000197795
07697	0.000719738
07719	0.000506545
07739	0.0121834
07772	0.000999129
07786	0.000636401
07788	0.000600577
07790	0.000473485
07845	2.06944e-05
07853	0.000947206
07861	0.000323549
07872	0.00194451
07874	0.000961066
07884	0.000246319
07886	0.000307793
07908	0.000648223
07918	0.000223947
07924	0.00106036
08003	0.00116861
08044	0.000105059
08045	0.00178032
08049	6.60454e-05
08051	0.00338406
08092	0.00028349
08093	0.00174053
08132	0.00116147
08133	0.00138172
08134	0.000398236
08145	0.0250044
08155	0.000213108
08173	0.000337377
08178	0.00164975
08210	0.000154327
08258	0.00105862
08263	0.00732487
08276	0.000169319
08300	0.000719714
08314	0.00315237
08349	0.000364179
08353	4.71197e-05
08363	0.000489995
08370	0.000978594
08376	0.000742909
08427	0.000133458
08434	0.0201993
08451	0.000796221
08471	0.000446805
08482	0.000347732
08499	0.000613715
08512	4.99023e-05
08539	0.000480426
0853A	0.000498191
08558	0.000137712
08580	0.00126971
08594	0.00424762
08676	0.00107197
08686	6.24123e-05
08687	0.000211848
08712	0.00144559
08747	0.000591618
08772	0.000126576
08773	0.000229262
08780	0.00121025
08846	0.000167035
08848	0.00163084
08854	0.00197456
08858	0.000107736
08860	7.96238e-06
08879	0.000183901
08888	0.000524916
08890	5.90558e-05
08892	0.000577111
08913	0.00146919
08964	0.00890084
09010	0.000157525
09021	0.000186027
09072	0.000424566
09085	0.000403913
09182	1.54227e-05
0918A	2.74053e-05
09217	0.000268276
09221	4.04549e-05
09225	0.000146317
09232	0.00138632
09237	2.85289e-05
09263	0.000162306
09265	0.0014772
09278	0.00030662
09283	0.000110155
09302	8.85534e-05
09313	0.000540878
09335	0.00231234
09345	9.20672e-05
09350	0.00033021
09357	0.00495887
09360	0.00207155
09370	6.51231e-05
09417	0.00105522
09444	0.000281512
09479	0.000167712
09486	0.00486082
09514	5.0126e-05
09529	0.00198846
09534	0.015573
09545	0.00186824
09547	3.85424e-05
09581	0.000344277
09582	4.47925e-05
09595	0.000484296
09597	0.000107375
09599	0.000765641
09629	0.00101489
09658	9.61691e-05
09693	0.00106151
09710	0.000184242
09730	0.000267856
09738	0.00361529
09766	2.30219e-05
09788	0.000646567
09789	8.83387e-05
09803	0.000153047
09829	0.00100351
09837	0.00071846
09838	0.000122788
0987A	6.32818e-05
09881	0.00040331
09883	0.00478282
09886	0.000153224
09896	0.00138201
09906	0.000336944
09918	0.000259159
09932	0.000576591
09934	0.000281014
09951	0.000680694
09982	5.47337e-05
09986	8.90165e-05
