# format = weight
# date = 20230428
01346	0.000303496
01356	0.000216121
01361	0.00221438
01362	0.00313314
0137A	0.000603286
01384	0.000410069
01454	0.000458775
01464	0.000230079
01482	0.000877476
01484	0.000139737
01488	0.000642445
01489	0.00098592
0148A	0.00239907
01492	5.51072e-05
01514	0.000615323
01515	3.27849e-05
01555	0.000199201
01587	0.000687697
01607	0.000157882
01616	0.000618949
01659	0.00217322
01678	0.00104391
01681	0.000553524
01729	0.000101418
01763	0.000244876
01780	2.53321e-05
01821	0.000108056
01846	0.000325799
01875	0.00168278
01926	0.000771092
01953	0.000324418
01961	0.000854372
01993	0.000222385
02007	0.00142033
02022	0.000269102
02025	0.000314829
02029	0.000275801
02047	0.00263377
02066	0.0017089
02071	0.000332808
02098	2.96115e-05
02103	0.00174895
02167	1.72028e-05
02180	0.00029552
02185	0.00089511
02209	0.000478108
02210	0.000383179
02216	0.000864479
02239	0.00286735
02244	0.000305866
02281	9.24857e-05
02284	0.000363044
02300	0.00173973
02303	0.00194345
02325	6.72138e-05
02343	0.000180459
02344	0.00140251
02345	0.00437092
02359	9.17097e-05
02364	0.000276218
02365	6.02982e-05
02421	0.000232356
02425	0.00248154
02449	0.000197844
02473	0.000401837
02482	8.35369e-05
02505	0.000655669
02511	0.000159227
02527	0.000701505
02544	6.07259e-05
02562	4.56897e-05
02563	0.00264999
02565	0.000127234
02572	0.000499854
02585	0.00119492
02605	0.00544773
02630	0.0005148
02638	0.000266839
02654	0.000580889
02681	0.000116337
02684	0.000139985
02694	0.000339052
02730	0.000412866
02732	0.00180254
02768	0.000157924
02776	0.000725835
02787	0.000584101
02802	0.000286529
02813	0.0103442
02826	0.000952871
02831	0.000173988
0283A	0.000792525
02852	0.000918854
02859	0.000778585
02891	0.000838888
02938	0.000136366
02962	0.00682622
0296A	0.00409356
02988	0.000208056
02989	0.0006989
03007	0.000123102
03015	0.000436786
03073	0.00683262
03152	0.00551823
03160	0.000267659
03195	5.33866e-05
03234	0.000185326
03244	0.00105277
03259	0.00466315
03268	0.00463149
03281	0.000933068
03284	0.000398139
03297	0.000442779
03302	0.0220641
03323	4.62308e-05
03342	0.00156921
03349	0.000208878
03356	0.000130536
03357	0.00169461
03455	0.00099771
03467	0.000455143
03476	0.00124971
03495	0.000155332
03514	0.00108088
03531	0.000121186
03546	0.000271315
03558	0.000236785
0355A	0.000229036
03569	0.000638278
03581	0.000788637
03585	0.000212264
03617	5.66494e-05
03619	0.000209521
03628	0.000525501
03664	0.000596737
03669	0.000252449
03672	0.000620659
03683	0.00339885
03690	0.00385887
03729	0.00038101
03754	0.000654114
03755	6.67313e-05
03762	0.00691318
03764	0.000757184
03776	0.00399703
03797	0.00155541
03805	0.00277375
03809	0.000225086
03815	0.00230464
03832	0.000136827
03846	0.000896687
03853	0.00195006
03864	0.00200921
03877	0.000335133
03880	4.73476e-05
03920	0.000265536
03944	0.00447687
03962	0.000879589
03967	0.000270906
03981	0.00113822
03982	0.000862069
03983	0.000828001
03988	7.99029e-05
04006	7.88465e-05
04007	0.000148847
04031	0.000385663
0404A	0.000403952
04055	6.27777e-05
04058	0.0154648
04062	5.19122e-05
04071	0.0012344
04090	0.00295912
04119	0.000265357
04149	0.000127088
04170	0.000200275
04177	0.0082564
04194	0.000517509
0419A	0.00033065
04209	0.000354177
0423A	5.74757e-05
04308	0.000311159
04319	0.000372122
04333	0.000171755
04347	0.000112281
04362	3.73433e-05
04392	0.000796994
04426	0.000302703
04435	0.0001278
04465	0.00241848
04474	0.00249321
04482	1.1809e-05
04524	0.000292278
04549	0.00103085
04578	0.000356541
04662	0.00381459
04666	4.20867e-05
04676	0.000243629
0467A	3.3715e-05
04689	0.0002214
04703	9.53807e-05
04713	0.00131348
04762	0.000233497
04779	6.61498e-05
04784	0.00157896
04810	0.000621913
04854	0.0103066
04863	0.0072022
04873	2.09556e-05
04885	0.000280071
04894	4.67617e-05
04897	0.00447126
04907	0.00432233
04911	0.000461052
04913	0.00167018
04918	0.0020552
04922	0.000845287
04940	0.00139641
04966	0.0170428
04994	0.000421336
04998	0.000359508
05005	0.0012932
05008	0.0117053
05011	0.000779885
05012	0.00501244
05020	2.66454e-05
05027	0.00181753
05045	0.000341404
05049	0.000969286
05078	0.00368363
05092	0.00359386
05108	0.00260831
05115	0.000807211
05131	0.000391005
05145	0.00115608
05168	8.23266e-05
05180	7.63018e-06
05183	0.00173111
05189	0.000218504
05198	0.0072867
05215	0.000391335
05244	0.000360271
05282	0.00209535
05284	0.000163914
05349	0.00170065
05369	2.86219e-05
05373	0.00759083
05388	0.00046648
05407	0.000189631
05417	0.000539834
05420	0.000295549
05435	0.00138422
05458	0.00204457
05463	0.000873844
05481	0.0129583
05484	0.000181293
0554A	0.000802594
05569	0.000229596
05579	2.63759e-05
05580	0.00231503
05581	3.25623e-05
05624	3.7379e-05
05654	0.000847918
05677	0.00295616
05681	0.00166692
05702	7.01081e-05
0572A	0.00149307
05744	0.00026343
05764	2.01989e-05
05769	0.00038823
05773	0.00147469
05816	0.000174935
05821	0.00240345
0583A	0.000926163
05855	0.000141833
05859	0.000284127
05866	7.69497e-05
05868	0.000841273
05873	0.00238603
05874	0.000203698
05881	0.00177074
05915	3.42554e-05
05920	1.02702e-05
05928	0.000797498
05957	0.00217323
05960	0.000882367
05964	9.2136e-05
05969	0.000748788
05978	0.00048625
05984	0.00295265
05988	0.000140909
06061	0.00466293
06106	0.00164901
06135	0.000462547
06154	0.000278881
06172	3.84533e-05
06184	0.000339671
06224	0.00609664
06257	0.000303979
06263	0.000534735
06264	0.00185445
0626A	3.37108e-05
06277	0.00137273
06297	0.000746949
06347	0.00426482
06402	0.000267624
06418	0.00267568
06435	0.000234234
06437	0.00269219
06454	0.000779736
06466	0.000842087
06477	0.000679006
06489	0.00123915
06494	0.00412793
06517	0.00130232
06533	0.00105716
06536	8.88502e-05
06538	9.07849e-05
06544	0.000396431
06559	0.000173305
06562	0.000286938
06616	0.000876509
06694	0.000506954
06735	6.10793e-05
06737	0.0023695
06751	0.00127536
06770	0.00412678
06777	0.000642987
06792	0.00101458
06801	0.00184313
06808	0.00226505
06837	0.000293336
06842	0.000651958
06862	0.00289568
06882	0.000294441
06908	0.000814952
06914	0.000447592
06918	0.000116491
06920	0.000811412
06925	0.0302851
06939	0.00114413
06967	0.00221492
06977	0.000142622
07005	9.74972e-05
07017	0.0026982
07045	0.00564193
07079	0.185326
07081	7.86225e-05
07103	0.00292782
07123	7.18152e-05
07136	0.000540152
07173	3.39055e-05
07201	6.03385e-05
07230	0.000149218
07249	0.00051289
07283	0.00558116
07311	0.00056178
07321	0.000189109
07379	0.000201831
07393	0.00514327
07416	0.00129357
07433	0.00365916
07440	0.000340346
07441	0.000384842
07461	0.022837
07490	0.000159574
07506	0.00254947
07508	0.000503188
07585	0.00029866
07602	0.000532571
07609	0.00646292
07619	0.000281345
07637	0.030873
07642	0.0201233
07645	0.000285567
07647	0.00122907
07655	0.00753043
07658	0.00113424
07663	6.40005e-05
07665	0.000103716
07685	0.00400695
07694	0.000204661
07697	0.000744721
07726	0.000668989
07739	0.0126063
07772	0.00103381
07786	0.000658491
07790	0.000489919
07816	0.00179077
07845	2.14128e-05
07853	0.000980084
07861	0.000334779
07872	0.00201201
07874	0.000994426
07884	0.000254869
07886	0.000318476
07908	0.000670723
07918	0.00023172
07924	0.00109717
07949	0.000821155
08044	0.000108706
08045	0.00184212
08092	0.00029333
08093	0.00180094
08130	0.000401295
08132	0.00120178
08134	0.000412059
08145	0.0258723
08155	0.000220505
08173	0.000349088
08178	0.00170701
08210	0.000159684
08212	0.00026546
08258	0.00109536
08263	0.00757912
08276	0.000175197
08300	0.000744695
08314	0.00326179
08353	4.87553e-05
08370	0.00101256
08376	0.000768696
08427	0.000138091
08434	0.0209004
08451	0.000823859
08471	0.000462314
08482	0.000359802
08512	5.16344e-05
08539	0.000497102
08580	0.00131378
08686	6.45787e-05
08747	0.000612153
08772	0.00013097
08773	0.00023722
08780	0.00125226
08826	0.00200217
08828	0.000243266
08848	0.00168745
08854	0.0020431
08879	0.000190285
08888	0.000543136
08890	6.11057e-05
08892	0.000597143
08913	0.00152018
08964	0.00920979
09010	0.000162993
09021	0.000192484
09033	0.00154499
09055	0.000718673
09085	0.000417933
0918A	2.83566e-05
09215	0.00183587
09217	0.000277588
09220	8.86958e-05
09221	4.18591e-05
09226	0.00102517
09232	0.00143444
09237	2.95192e-05
09263	0.00016794
09265	0.00152847
09268	0.00177404
09278	0.000317262
09283	0.000113978
09313	0.000559653
09323	0.00311897
09335	0.0023926
09345	9.52629e-05
09350	0.000341672
09360	0.00214346
09417	0.00109185
09444	0.000291284
09479	0.000173533
09486	0.00502954
09503	0.00686486
09514	5.1866e-05
09529	0.00205748
09534	0.0161135
09545	0.00193309
09547	3.98802e-05
09574	0.000877934
09581	0.000356227
09595	0.000501106
09597	0.000111102
09599	0.000792217
09629	0.00105012
09658	9.95072e-05
09693	0.00109836
09710	0.000190638
09738	0.00374078
09766	2.3821e-05
09788	0.00066901
09789	9.1405e-05
09803	0.00015836
09829	0.00103834
09838	0.00012705
0987A	6.54784e-05
09881	0.000417309
09886	0.000158543
09896	0.00142998
09906	0.00034864
09918	0.000268155
09932	0.000596605
09934	0.000290768
09951	0.000704321
09982	5.66335e-05
09986	9.21063e-05
