# format = weight
# date = 20231130
01356	0.000229741
01361	0.00235393
01362	0.00333059
0137A	0.000641305
01384	0.000435911
01419	0.0003282
01454	0.000487686
01464	0.000244578
01484	0.000148544
01488	0.000682931
01489	0.00104805
0148A	0.00255026
01492	5.85801e-05
01514	0.0006541
01515	3.4851e-05
01555	0.000211754
01572	0.00231341
01607	0.000167831
01659	0.00231017
01681	0.000588407
01682	0.00271393
01729	0.000107809
01763	0.000260308
01780	2.69285e-05
01846	0.00034633
01875	0.00178883
01876	0.000154212
01926	0.000819686
01953	0.000344863
01993	0.000236399
01999	0.000436812
02007	0.00150984
02022	0.000286061
02025	0.000334669
02029	0.000293181
02047	0.00279975
02048	0.00026202
02051	4.82676e-05
02066	0.0018166
02071	0.000353781
02092	0.000208233
02098	3.14776e-05
02103	0.00185917
02104	0.00282755
02167	1.82869e-05
02180	0.000314144
02185	0.000951519
0219A	0.000578447
02209	0.000508238
02210	0.000407327
02216	0.000918958
02239	0.00304804
02244	0.000325141
02281	9.83141e-05
02284	0.000385923
02300	0.00184937
02325	7.14496e-05
02340	6.49658e-05
02343	0.000191832
02344	0.00149089
02345	0.00464637
02359	9.74892e-05
02365	6.40982e-05
02421	0.000246999
02425	0.00263793
02432	0.000112812
02449	0.000210312
02452	0.000206023
02473	0.000427161
02482	8.88014e-05
02494	0.000692637
02505	0.000696988
02511	0.000169262
02527	0.000745714
02544	6.45528e-05
02562	4.8569e-05
02563	0.002817
02565	0.000135252
02571	0.00221289
02572	0.000531355
02585	0.00127023
02605	0.00579104
02618	7.13284e-05
02630	0.000547242
02638	0.000283655
02649	0.000308499
02654	0.000617497
02681	0.000123668
02694	0.000360419
02725	0.000105275
02730	0.000438885
02732	0.00191613
02768	0.000167876
02776	0.000771576
02787	0.000620911
02802	0.000304586
02826	0.00101292
0283A	0.000842469
02852	0.00097676
02859	0.000827651
02876	0.00178118
02891	0.000891754
02938	0.00014496
02944	0.0015125
02962	0.00725641
0296A	0.00435153
02973	1.83072e-05
02988	0.000221168
02989	0.000742944
03007	0.00013086
03015	0.000464312
03152	0.00586598
03160	0.000284526
03195	5.6751e-05
03234	0.000197006
03259	0.00495702
03281	0.00099187
03284	0.00042323
03297	0.000470683
03323	4.91442e-05
03342	0.0016681
03349	0.000222042
03356	0.000138762
03357	0.00180141
03438	0.00218537
03467	0.000483826
03476	0.00132847
03495	0.000165121
03514	0.001149
03531	0.000128823
03546	0.000288413
03558	0.000251707
0355A	0.00024347
03581	0.000838337
03585	0.00022564
03617	6.02195e-05
03619	0.000222724
03628	0.000558618
03664	0.000634343
03669	0.000268358
03672	0.000659772
03683	0.00361304
03690	0.00410205
03696	8.15888e-05
03729	0.000405021
03754	0.000695336
03755	7.09367e-05
03764	0.000804901
03773	0.00030239
03776	0.00424892
03797	0.00165343
03805	0.00294855
03809	0.000239271
03815	0.00244988
03832	0.00014545
03846	0.000953196
03853	0.00207295
03864	0.00213583
03877	0.000356253
03880	5.03314e-05
03920	0.00028227
03944	0.004759
03961	0.000225075
03962	0.00093502
03967	0.000287979
03981	0.00120995
03983	0.000880181
03988	8.49384e-05
04006	8.38153e-05
04031	0.000409967
0404A	0.000429409
04058	0.0164394
04062	5.51837e-05
04071	0.00131219
04090	0.0031456
04119	0.00028208
04149	0.000135097
04170	0.000212896
04177	0.00877672
04194	0.000550122
0419A	0.000351487
04209	0.000376497
0423A	6.10978e-05
04300	0.000289244
04308	0.000330769
04319	0.000395573
04333	0.000182579
04347	0.000119357
04362	3.96967e-05
04392	0.000847221
04426	0.000321779
04435	0.000135854
04465	0.00257089
04474	0.00265033
04524	0.000310697
04549	0.00109581
04578	0.00037901
04666	4.4739e-05
04676	0.000258982
04689	0.000235353
04703	0.000101392
04713	0.00139625
0471A	0.000973378
04762	0.000248211
04779	7.03185e-05
04784	0.00167846
04810	0.000661106
04818	0.000314432
04854	0.0109561
04863	0.00765608
04865	0.000821216
04873	2.22762e-05
04885	0.000297721
04894	4.97086e-05
04897	0.00475304
04907	0.00459472
04911	0.000490107
04922	0.000898557
04940	0.00148441
04971	0.000480608
04987	0.000124506
04994	0.000447889
04998	0.000382164
05005	0.0013747
05008	0.012443
05011	0.000829033
05012	0.00532832
05020	2.83246e-05
05027	0.00193207
05049	0.00103037
05078	0.00391577
05092	0.00382035
05102	0.000277439
05108	0.00277269
05115	0.000858081
05131	0.000415646
05145	0.00122894
05168	8.75147e-05
05180	8.11103e-06
05183	0.0018402
05189	0.000232274
05215	0.000415997
05222	4.14397e-05
05244	0.000382975
05282	0.00222739
05285	0.00129455
05349	0.00180782
05369	3.04256e-05
05373	0.0080692
05388	0.000495878
05407	0.000201582
05417	0.000573854
05420	0.000314174
05423	0.00032804
05429	0.000223949
05435	0.00147145
05458	0.00217342
05463	0.000928913
05476	0.000401283
05481	0.0137749
05484	0.000192718
0554A	0.000853173
05556	8.92801e-05
05569	0.000244065
05579	2.80381e-05
05580	0.00246092
05581	3.46144e-05
05624	3.97346e-05
05654	0.000901353
05659	0.00520366
05677	0.00314246
05681	0.00177197
05702	7.45263e-05
0572A	0.00158716
05744	0.000280031
05769	0.000412696
05773	0.00156763
05821	0.00255492
0583A	0.00098453
05855	0.000150771
05859	0.000302032
05866	8.17991e-05
05868	0.00089429
05873	0.00253639
05874	0.000216535
05881	0.00188233
05886	0.00118188
05915	3.64142e-05
05920	1.09174e-05
05928	0.000847756
05957	0.00231019
05960	0.000937973
05969	0.000795976
05978	0.000516893
05984	0.00313873
05988	0.000149789
06039	2.61094e-05
06061	0.00495678
06106	0.00175293
06135	0.000491697
06154	0.000296456
06172	4.08766e-05
06224	0.00648085
06257	0.000323136
06264	0.00197132
0626A	3.58352e-05
06277	0.00145924
06297	0.000794021
06402	0.00028449
06418	0.0028443
06423	8.26995e-05
06435	0.000248995
06437	0.00286185
06454	0.000828875
06466	0.000895154
06477	0.000721797
06489	0.00131724
06517	0.00138439
06533	0.00112379
06536	9.44495e-05
06538	9.65061e-05
06544	0.000421414
06559	0.000184227
06562	0.000305021
06616	0.000931746
06671	0.000466389
06694	0.000538902
0671A	0.00292286
06735	6.49285e-05
06737	0.00251882
0673A	0.000316154
06751	0.00135573
06770	0.00438685
06777	0.000683508
06792	0.00107851
06801	0.00195928
06808	0.00240779
06832	0.0193585
06842	0.000693044
06862	0.00307817
06882	0.000312996
06886	0.000467542
06908	0.00086631
06914	0.000475799
06918	0.000123833
06920	0.000862546
06939	0.00121624
06967	0.0023545
06976	0.000322257
06977	0.00015161
06981	0.000500752
07005	0.000103641
07017	0.00286824
07045	0.00599748
07079	0.197006
07081	8.35772e-05
07084	0.000809416
07103	0.00311233
07123	7.63409e-05
07136	0.000574193
07249	0.000545212
07272	0.00391524
07283	0.00593288
07290	6.51709e-05
07311	0.000597183
07321	0.000201027
07379	0.00021455
07393	0.0054674
07416	0.00137509
07429	0.00634491
07440	0.000361794
07441	0.000409095
07461	0.0242762
07486	0.00336206
07490	0.00016963
07506	0.00271013
07508	0.000534899
07558	0.0115146
07585	0.000317481
07602	0.000566133
07609	0.00687021
07619	0.000299075
07636	4.54982e-05
07637	0.0328186
07642	0.0213914
07645	0.000303563
07647	0.00130653
07655	0.008005
07658	0.00120572
07663	6.80337e-05
07665	0.000110252
07685	0.00425947
07694	0.000217558
07719	0.000557157
07726	0.000711148
07739	0.0134007
07772	0.00109896
07786	0.000699989
07788	0.000660585
07790	0.000520794
07816	0.00190362
07845	2.27622e-05
07853	0.00104185
07861	0.000355877
07872	0.0021388
07884	0.000270931
07886	0.000338547
07908	0.000712992
07918	0.000246323
07924	0.00116631
07949	0.000872904
08003	0.00128538
08044	0.000115557
08045	0.00195821
08049	7.26445e-05
08092	0.000311816
08093	0.00191444
08130	0.000426584
08132	0.00127752
08133	0.00151978
08134	0.000438027
08145	0.0275028
08155	0.000234401
08178	0.00181459
08210	0.000169747
08212	0.000282189
08263	0.00805676
08276	0.000186237
08300	0.000791625
08314	0.00346735
08349	0.000400567
08353	5.18278e-05
08370	0.00107637
08376	0.000817138
08427	0.000146793
08434	0.0222175
08451	0.000875778
08453	0.000465722
08471	0.000491448
08499	0.000675036
08512	5.48884e-05
08539	0.000528429
0853A	0.000547969
08558	0.000151472
08580	0.00139658
08594	0.00467203
08676	0.00117908
08686	6.86484e-05
08687	0.000233015
08712	0.00159003
08747	0.000650731
08772	0.000139224
08773	0.000252169
08780	0.00133117
08846	0.000183725
08848	0.00179379
08858	0.000118501
08860	8.75797e-06
08879	0.000202276
08888	0.000577364
08890	6.49565e-05
08892	0.000634774
08913	0.00161598
08964	0.00979019
09010	0.000173264
09021	0.000204614
09033	0.00164236
09055	0.000763963
09072	0.000466987
09182	1.69637e-05
0918A	3.01436e-05
09215	0.00195156
09217	0.000295082
09220	9.42853e-05
09221	4.44971e-05
09225	0.000160936
09226	0.00108978
09232	0.00152483
09237	3.13795e-05
09263	0.000178523
09265	0.0016248
09268	0.00188584
09278	0.000337256
09283	0.000121161
09284	0.000592935
09302	9.74015e-05
09313	0.000594922
09323	0.00331553
09335	0.00254338
09345	0.000101266
09350	0.000363204
09357	0.00545435
09360	0.00227854
09370	7.16301e-05
09417	0.00116066
09444	0.00030964
09479	0.000184469
09486	0.0053465
09503	0.00729748
09514	5.51345e-05
09529	0.00218714
09545	0.00205491
09547	4.23935e-05
09574	0.000933261
09581	0.000378676
09582	4.9268e-05
09595	0.000532686
09597	0.000118103
09599	0.000842142
09629	0.0011163
09658	0.000105778
09693	0.00116758
09710	0.000202652
09730	0.00029462
09738	0.00397652
09766	2.53222e-05
09788	0.000711171
09789	9.71653e-05
09803	0.000168339
09829	0.00110377
09837	0.000790247
09838	0.000135057
0987A	6.96048e-05
09881	0.000443608
09883	0.0052607
09886	0.000168534
09896	0.0015201
09906	0.000370611
09932	0.000634203
09934	0.000309092
09951	0.000748707
09982	6.02026e-05
09986	9.79108e-05
