# format = weight
# date = 20230630
01346	0.00031024
01356	0.000220924
01361	0.00226359
01362	0.00320276
0137A	0.000616692
01384	0.000419182
01419	0.000315605
01454	0.00046897
01464	0.000235192
01482	0.000896976
01488	0.000656721
01489	0.00100783
0148A	0.00245239
01492	5.63318e-05
01514	0.000628997
01515	3.35135e-05
01555	0.000203627
01572	0.00222462
01587	0.000702979
01607	0.00016139
01616	0.000632704
01659	0.00222151
01681	0.000565825
01682	0.00260977
01763	0.000250318
01780	2.5895e-05
01783	0.0259092
01821	0.000110458
01846	0.000333039
01855	3.26935e-05
01875	0.00172017
01876	0.000148294
01953	0.000331628
01961	0.000873358
01995	0.0103416
01999	0.000420048
02007	0.00145189
02025	0.000321825
02029	0.00028193
02047	0.0026923
02048	0.000251964
02051	4.64151e-05
02066	0.00174688
02092	0.000200241
02103	0.00178782
02104	0.00271903
02185	0.000915001
0219A	0.000556247
02209	0.000488733
02216	0.00088369
02244	0.000312663
02281	9.45409e-05
02284	0.000371112
02300	0.00177839
02303	0.00198664
02325	6.87074e-05
02340	6.24725e-05
02343	0.000184469
02344	0.00143368
02345	0.00446805
02359	9.37477e-05
02364	0.000282356
02365	6.16382e-05
02421	0.00023752
02425	0.00253669
02432	0.000108483
02449	0.000202241
02473	0.000410767
02494	0.000666054
02505	0.000670239
02511	0.000162766
02527	0.000717094
02544	6.20753e-05
02562	4.6705e-05
02563	0.00270888
02565	0.000130062
02572	0.000510962
02585	0.00122148
02605	0.00556879
02618	6.85909e-05
02649	0.000296659
02654	0.000593798
02684	0.000143096
02694	0.000346586
02725	0.000101234
02730	0.000422041
02732	0.00184259
02768	0.000161434
02776	0.000741964
02787	0.000597081
02802	0.000292897
02813	0.010574
02831	0.000177854
0283A	0.000810136
02859	0.000795887
02891	0.00085753
02938	0.000139396
02962	0.00697792
0296A	0.00418452
02973	1.76046e-05
02988	0.00021268
03073	0.00698446
03152	0.00564086
03160	0.000273607
03195	5.4573e-05
03234	0.000189445
03244	0.00107616
03259	0.00476678
03268	0.00473442
03281	0.000953803
03284	0.000406987
03297	0.000452619
03323	4.72581e-05
03342	0.00160408
03356	0.000133437
03357	0.00173227
03438	0.0021015
03455	0.00101988
03467	0.000465258
03476	0.00127748
03514	0.0011049
03531	0.000123879
03546	0.000277344
03569	0.000652462
03581	0.000806163
03585	0.000216981
03619	0.000214177
03628	0.000537179
03664	0.000609998
03669	0.000258058
03672	0.000634451
03683	0.00347438
03690	0.00394462
03696	7.84575e-05
03729	0.000389477
03754	0.00066865
03755	6.82142e-05
03762	0.00706681
03764	0.00077401
03773	0.000290785
03776	0.00408586
03805	0.00283539
03809	0.000230088
03832	0.000139867
03853	0.0019934
03864	0.00205386
03877	0.00034258
03880	4.83997e-05
03920	0.000271437
03944	0.00457636
03967	0.000276927
03981	0.00116351
03983	0.000846401
03988	8.16786e-05
04006	8.05986e-05
04007	0.000152155
04055	6.41728e-05
04071	0.00126183
04090	0.00302488
04119	0.000271254
04149	0.000129912
04177	0.00843988
04194	0.000529009
0419A	0.000337998
04209	0.000362048
0423A	5.8753e-05
04274	0.0038821
04308	0.000318074
04319	0.000380391
04333	0.000175572
04347	0.000114776
04362	3.81732e-05
04426	0.000309429
04435	0.00013064
04465	0.00247222
04474	0.00254861
04482	1.20714e-05
04524	0.000298773
04529	0.000147726
04549	0.00105375
04578	0.000364464
04662	0.00389936
04666	4.3022e-05
04676	0.000249043
04689	0.00022632
04703	9.75003e-05
04713	0.00134267
0471A	0.000936021
04762	0.000238685
04779	6.76198e-05
04784	0.00161405
04810	0.000635734
04818	0.000302365
04854	0.0105357
04863	0.00736225
04885	0.000286295
04894	4.78009e-05
04897	0.00457062
04907	0.00441838
04911	0.000471297
04913	0.0017073
04918	0.00210087
04922	0.000864071
04940	0.00142744
04966	0.0174215
04971	0.000462163
04987	0.000119728
04994	0.000430699
05005	0.00132194
05008	0.0119654
05020	2.72375e-05
05027	0.00185792
05045	0.000348991
05049	0.000990825
05078	0.00376549
05092	0.00367373
05108	0.00266628
05131	0.000399694
05168	8.4156e-05
05180	7.79974e-06
05183	0.00176958
05189	0.00022336
05198	0.00744862
05215	0.000400032
05222	3.98493e-05
05244	0.000368277
05282	0.00214191
05284	0.000167556
05285	0.00124487
05349	0.00173844
05369	2.92579e-05
05373	0.00775952
05407	0.000193845
05417	0.000551831
05423	0.00031545
05429	0.000215354
05435	0.00141498
05458	0.00209
05463	0.000893262
0554A	0.000820429
05556	8.58536e-05
05569	0.000234698
05580	0.00236647
05581	3.32859e-05
05624	3.82096e-05
05654	0.000866761
05659	0.00500395
05681	0.00170397
05702	7.16661e-05
0572A	0.00152625
05744	0.000269284
05764	2.06478e-05
05769	0.000396857
05773	0.00150746
05821	0.00245686
0583A	0.000946745
05855	0.000144985
05859	0.000290441
05866	7.86597e-05
05868	0.000859968
05873	0.00243905
05874	0.000208224
05881	0.00181009
05886	0.00113652
05910	0.000365756
05915	3.50166e-05
05920	1.04984e-05
05957	0.00222153
05960	0.000901975
05964	9.41835e-05
05969	0.000765428
05978	0.000497055
05988	0.00014404
06039	2.51074e-05
06061	0.00476655
06106	0.00168565
06172	3.93078e-05
06224	0.00623212
06257	0.000310734
06263	0.000546618
06264	0.00189566
0626A	3.44599e-05
06277	0.00140323
06297	0.000763548
06347	0.0043596
06423	7.95256e-05
06435	0.000239439
06437	0.00275201
06454	0.000797064
06466	0.0008608
06477	0.000694095
06489	0.00126668
06494	0.00421966
06517	0.00133126
06533	0.00108066
06536	9.08247e-05
06538	9.28024e-05
06544	0.000405241
06562	0.000293314
06671	0.000448489
06694	0.000518219
0671A	0.00281069
06737	0.00242215
0673A	0.00030402
06751	0.0013037
06770	0.00421849
06777	0.000657276
06792	0.00103712
06801	0.00188409
06832	0.0186155
06842	0.000666446
06862	0.00296003
06882	0.000300984
06886	0.000449599
06908	0.000833062
06914	0.000457539
06918	0.00011908
06920	0.000829443
06939	0.00116956
06967	0.00226414
06981	0.000481534
07005	9.96639e-05
07017	0.00275816
07045	0.00576731
07079	0.189445
07081	8.03696e-05
07084	0.000778352
07103	0.00299288
07123	7.34111e-05
07136	0.000552156
07173	3.46589e-05
07201	6.16794e-05
07249	0.000524288
07272	0.00376498
07283	0.00570519
07290	6.26697e-05
07321	0.000193312
07379	0.000206316
07393	0.00525756
07416	0.00132232
07429	0.0061014
07433	0.00374048
07440	0.000347909
07441	0.000393395
07461	0.0233445
07486	0.00323303
07490	0.00016312
07506	0.00260612
07508	0.00051437
07558	0.0110727
07585	0.000305296
07602	0.000544406
07609	0.00660654
07619	0.000287597
07636	4.3752e-05
07637	0.0315591
07642	0.0205705
07645	0.000291913
07647	0.00125639
07655	0.00769778
07658	0.00115945
07663	6.54227e-05
07665	0.000106021
07685	0.00409599
07694	0.000209209
07697	0.00076127
07719	0.000535775
07726	0.000683855
07739	0.0128864
07772	0.00105678
07786	0.000673124
07788	0.000635232
07790	0.000500807
07816	0.00183057
07845	2.18886e-05
07872	0.00205672
07874	0.00101652
07884	0.000260533
07886	0.000325554
07908	0.000685628
07918	0.00023687
07924	0.00112155
07949	0.000839403
08003	0.00123604
08044	0.000111122
08045	0.00188305
08049	6.98565e-05
08092	0.000299849
08130	0.000410213
08132	0.00122849
08133	0.00146145
08134	0.000421216
08155	0.000225405
08173	0.000356846
08178	0.00174495
08210	0.000163232
08212	0.000271359
08258	0.0011197
08263	0.00774755
08276	0.00017909
08300	0.000761244
08314	0.00333428
08349	0.000385193
08363	0.000518269
08370	0.00103506
08376	0.000785778
08427	0.00014116
08434	0.0213649
08453	0.000447848
08471	0.000472587
08482	0.000367798
08499	0.000649129
08512	5.27819e-05
08539	0.000508148
0853A	0.000526938
08558	0.000145659
08594	0.00449272
08676	0.00113382
08686	6.60138e-05
08687	0.000224073
08712	0.00152901
08747	0.000625757
08772	0.00013388
08773	0.000242491
08780	0.00128008
08826	0.00204666
08828	0.000248672
08848	0.00172495
08854	0.00208851
08858	0.000113953
08860	8.42185e-06
08879	0.000194513
08888	0.000555206
08890	6.24636e-05
08892	0.000610412
08913	0.00155396
08964	0.00941445
09010	0.000166615
09021	0.000196762
09033	0.00157932
09055	0.000734644
09072	0.000449065
09085	0.00042722
09182	1.63126e-05
0918A	2.89867e-05
09215	0.00187667
09217	0.000283757
09220	9.06668e-05
09221	4.27893e-05
09225	0.00015476
09226	0.00104796
09232	0.00146631
09237	3.01752e-05
09263	0.000171672
09265	0.00156244
09268	0.00181347
09278	0.000324313
09283	0.000116511
09284	0.000570179
09313	0.000572089
09323	0.00318828
09335	0.00244577
09345	9.73798e-05
09350	0.000349265
09357	0.00524502
09360	0.00219109
09370	6.8881e-05
09417	0.00111611
09444	0.000297757
09479	0.00017739
09486	0.00514131
09503	0.00701741
09514	5.30185e-05
09529	0.0021032
09534	0.0164716
09545	0.00197604
09547	4.07665e-05
09574	0.000897444
09581	0.000364143
09582	4.73772e-05
09595	0.000512242
09597	0.000113571
09629	0.00107346
09658	0.000101718
09693	0.00112277
09738	0.0038239
09766	2.43504e-05
09788	0.000683877
09789	9.34362e-05
09803	0.000161879
09829	0.00106141
09837	0.000759918
09838	0.000129873
0987A	6.69335e-05
09881	0.000426583
09883	0.00505881
09886	0.000162066
09896	0.00146176
09906	0.000356388
09918	0.000274114
09932	0.000609863
09934	0.00029723
09951	0.000719973
09982	5.78921e-05
09986	9.41531e-05
