# format = weight
# date = 20240131
01346	0.000293057
01356	0.000208687
01362	0.00302537
0137A	0.000582535
01384	0.000395964
01419	0.000298124
01454	0.000442994
01464	0.000222165
01482	0.000847294
01484	0.000134931
01488	0.000620347
01489	0.000952008
0148A	0.00231655
01492	5.32117e-05
01514	0.000594158
01515	3.16572e-05
01555	0.000192349
01572	0.00210141
01587	0.000664043
01607	0.000152451
01616	0.000597659
01659	0.00209846
01678	0.001008
01681	0.000534485
01729	9.79291e-05
01780	2.44607e-05
01783	0.0244741
01821	0.00010434
01855	3.08827e-05
01875	0.0016249
01876	0.00014008
01926	0.000744569
01953	0.000313259
01993	0.000214735
01995	0.00976883
01999	0.000396782
02007	0.00137148
02025	0.000304
02029	0.000266314
02047	0.00254318
02048	0.000238008
02051	4.38443e-05
02092	0.00018915
02098	2.8593e-05
02103	0.00168879
02104	0.00256843
02167	1.66111e-05
02185	0.000864321
0219A	0.000525438
02209	0.000461663
02210	0.000369999
02216	0.000834744
02239	0.00276872
02244	0.000295345
02281	8.93045e-05
02282	0.000418993
02284	0.000350556
02300	0.00167989
02303	0.00187661
02325	6.49019e-05
02340	5.90122e-05
02343	0.000174252
02345	0.00422057
02364	0.000266717
02365	5.82241e-05
02421	0.000224364
02425	0.00239618
02432	0.000102474
02449	0.000191039
02452	0.000187143
02473	0.000388015
02482	8.06635e-05
02494	0.000629163
02505	0.000633116
02511	0.00015375
02527	0.000677376
02544	5.86371e-05
02562	4.41181e-05
02563	0.00255884
02565	0.000122858
02571	0.0020101
02572	0.000482661
02585	0.00115382
02605	0.00526034
02630	0.000497092
02638	0.000257661
02649	0.000280228
02684	0.00013517
02694	0.00032739
02730	0.000398665
02732	0.00174054
02768	0.000152492
02787	0.00056401
02813	0.00998837
02826	0.000920095
0283A	0.000765264
02852	0.000887249
02859	0.000751804
02876	0.00161795
02891	0.000810033
02938	0.000131675
02944	0.00137389
0296A	0.00395275
02973	1.66295e-05
02989	0.00067486
03007	0.000118868
03015	0.000421762
03073	0.0065976
03152	0.00532842
03160	0.000258452
03195	5.15503e-05
03234	0.000178952
03244	0.00101655
03259	0.00450275
03268	0.00447218
03281	0.000900974
03284	0.000384444
03302	0.0213052
03342	0.00151523
03349	0.000201694
03356	0.000126046
03438	0.0019851
03467	0.000439488
03476	0.00120672
03514	0.0010437
03531	0.000117017
03546	0.000261982
03558	0.00022864
03581	0.000761511
03585	0.000204963
03617	5.47009e-05
03619	0.000202314
03628	0.000507426
03664	0.000576211
03669	0.000243765
03672	0.00059931
03683	0.00328194
03696	7.41119e-05
03729	0.000367904
03755	6.44359e-05
03762	0.00667539
03764	0.000731139
03773	0.000274679
03776	0.00385955
03797	0.0015019
03809	0.000217344
03815	0.00222537
03832	0.00013212
03846	0.000865844
03853	0.00188298
03864	0.0019401
03877	0.000323605
03920	0.000256402
03944	0.00432288
03961	0.000204449
03962	0.000849334
03967	0.000261588
03981	0.00109907
03982	0.000832417
03988	7.71545e-05
04006	7.61344e-05
0404A	0.000390057
04055	6.06184e-05
04058	0.0149329
04071	0.00119194
04090	0.00285733
04119	0.00025623
04149	0.000122716
04170	0.000193386
04177	0.00797241
04194	0.000499708
0419A	0.000319276
04209	0.000341995
0423A	5.54988e-05
04274	0.00366708
04308	0.000300457
04319	0.000359322
04333	0.000165848
04347	0.000108419
04362	3.60588e-05
04392	0.00076958
04435	0.000123404
04465	0.00233529
04474	0.00240745
04482	1.14028e-05
04524	0.000282224
04549	0.000995389
04578	0.000344277
04662	0.00368338
04676	0.000235249
0467A	3.25553e-05
04689	0.000213785
04703	9.20999e-05
04713	0.0012683
0471A	0.000884177
04762	0.000225465
04779	6.38745e-05
04784	0.00152465
04810	0.000600521
04818	0.000285617
04854	0.00995211
04863	0.00695447
04865	0.000745959
04873	2.02348e-05
04885	0.000270438
04894	4.51532e-05
04897	0.00431746
04907	0.00417366
04913	0.00161273
04918	0.00198451
04922	0.000816212
04940	0.00134837
04966	0.0164566
04971	0.000436564
04987	0.000113096
04994	0.000406844
04998	0.000347142
05005	0.00124872
05008	0.0113027
05011	0.00075306
05012	0.00484003
05027	0.00175501
05049	0.000935945
05078	0.00355692
05092	0.00347025
05102	0.000252014
05108	0.0025186
05115	0.000779446
05131	0.000377556
05145	0.00111632
05180	7.36772e-06
05183	0.00167156
05189	0.000210988
05198	0.00703606
05215	0.000377875
05222	3.76421e-05
05284	0.000158276
05285	0.00117592
05316	0.000192352
05349	0.00164215
05369	2.76374e-05
05373	0.00732973
05407	0.000183108
05416	0.00163052
05420	0.000285383
05423	0.000297978
05429	0.000203426
05435	0.00133661
05458	0.00197424
05476	0.000364509
0554A	0.000774987
05556	8.10983e-05
05569	0.000221699
05579	2.54687e-05
05580	0.0022354
05581	3.14423e-05
05624	3.60933e-05
05659	0.00472679
05677	0.00285448
05681	0.00160959
05702	6.76966e-05
0572A	0.00144171
05744	0.000254369
05764	1.95041e-05
05773	0.00142397
05816	0.000168918
05821	0.00232078
0583A	0.000894306
05855	0.000136954
05859	0.000274354
05866	7.43029e-05
05868	0.000812336
05873	0.00230395
05881	0.00170983
05886	0.00107357
05910	0.000345497
05915	3.30771e-05
05920	9.9169e-06
05928	0.000770066
05957	0.00209848
05960	0.000852016
05964	8.89668e-05
05969	0.000723032
05978	0.000469524
05988	0.000136062
06039	2.37167e-05
06061	0.00450254
06135	0.000446637
06172	3.71306e-05
06184	0.000327988
06224	0.00588694
06263	0.000516342
06264	0.00179066
0626A	3.25513e-05
06277	0.00132551
06297	0.000721256
06347	0.00411813
06402	0.000258419
06418	0.00258364
06423	7.51208e-05
06435	0.000226177
06437	0.00259958
06454	0.000752916
06466	0.000813121
06477	0.00065565
06489	0.00119652
06494	0.00398594
06517	0.00125752
06533	0.0010208
06536	8.5794e-05
06538	8.76622e-05
06544	0.000382795
06559	0.000167344
06562	0.000277068
06616	0.00084636
06694	0.000489516
06735	5.89784e-05
06737	0.002288
0673A	0.000287181
06751	0.00123149
06770	0.00398483
06792	0.000979677
06801	0.00177973
06808	0.00218714
06832	0.0175845
06837	0.000283246
06842	0.000629533
06882	0.000284313
06914	0.000432197
06918	0.000112484
06920	0.000783502
06925	0.0292434
06939	0.00110478
06976	0.000292725
06977	0.000137716
06981	0.000454862
07005	9.41436e-05
07017	0.00260539
07045	0.00544787
07079	0.178952
07081	7.59181e-05
07084	0.00073524
07103	0.00282711
07123	6.93449e-05
07136	0.000521573
07173	3.27392e-05
07201	5.82631e-05
07272	0.00355645
07283	0.00538919
07290	5.91985e-05
07311	0.000542456
07379	0.000194889
07393	0.00496636
07416	0.00124908
07429	0.00576346
07433	0.0035333
07461	0.0220515
07486	0.00305396
07490	0.000154085
07508	0.00048588
07558	0.0104594
07585	0.000288387
07602	0.000514252
07609	0.00624062
07619	0.000271667
07636	4.13287e-05
07637	0.0298111
07642	0.0194311
07645	0.000275744
07647	0.0011868
07655	0.00727141
07658	0.00109523
07663	6.17991e-05
07665	0.000100148
07685	0.00386912
07694	0.000197621
07697	0.000719105
07719	0.000506099
07726	0.000645977
07739	0.0121727
07786	0.000635841
07788	0.000600048
07816	0.00172917
07845	2.06762e-05
07861	0.000323264
07874	0.00096022
07884	0.000246102
07886	0.000307522
07908	0.000647652
07918	0.00022375
07924	0.00105943
07949	0.00079291
08003	0.00116758
08044	0.000104967
08049	6.59873e-05
08092	0.000283241
08093	0.001739
08130	0.000387492
08132	0.00116045
08133	0.00138051
08134	0.000397886
08145	0.0249824
08155	0.000212921
08173	0.00033708
08178	0.0016483
08210	0.000154191
08212	0.000256329
08263	0.00731843
08276	0.00016917
08300	0.00071908
08314	0.0031496
08349	0.000363858
08353	4.70783e-05
08370	0.000977732
08376	0.000742255
08427	0.000133341
08434	0.0201815
08451	0.000795521
08453	0.000423043
08471	0.000446411
08499	0.000613175
08512	4.98584e-05
08539	0.000480003
08558	0.000137591
08580	0.00126859
08676	0.00107102
08686	6.23574e-05
08687	0.000211662
08712	0.00144432
08747	0.000591097
08773	0.00022906
08826	0.0019333
08828	0.000234898
08846	0.000166888
08848	0.00162941
08854	0.00197283
08858	0.000107641
08860	7.95538e-06
08879	0.000183739
08888	0.000524454
08890	5.90038e-05
08913	0.00146789
09010	0.000157386
09021	0.000185863
09033	0.00149185
09055	0.000693953
09085	0.000403557
09182	1.54091e-05
0918A	2.73812e-05
09215	0.00177272
09217	0.00026804
09220	8.56449e-05
09221	4.04193e-05
09225	0.000146188
09232	0.0013851
09237	2.85038e-05
09263	0.000162163
09265	0.0014759
09268	0.00171302
09278	0.00030635
09283	0.000110058
09284	0.000538598
09302	8.84755e-05
09313	0.000540402
09323	0.00301169
09335	0.0023103
09345	9.19861e-05
09350	0.00032992
09360	0.00206973
09370	6.50658e-05
09417	0.00105429
09444	0.000281264
09479	0.000167564
09486	0.00485654
09503	0.00662873
09514	5.00819e-05
09529	0.00198671
09534	0.0155593
09547	3.85085e-05
09574	0.000847736
09581	0.000343974
09582	4.47531e-05
09595	0.00048387
09597	0.00010728
09629	0.001014
09658	9.60845e-05
09693	0.00106058
09710	0.00018408
09730	0.00026762
09766	2.30017e-05
09788	0.000645998
09789	8.82609e-05
09803	0.000152913
09829	0.00100262
09837	0.000717828
09838	0.00012268
0987A	6.32261e-05
09883	0.00477861
09886	0.000153089
09896	0.00138079
09906	0.000336648
09918	0.000258931
09932	0.000576083
09934	0.000280767
09951	0.000680095
09986	8.89381e-05
