# format = weight
# date = 20240628
01346	0.000305594
01356	0.000217616
01361	0.00222969
01384	0.000412904
01419	0.000310878
01454	0.000461947
01464	0.00023167
01482	0.000883543
01484	0.000140703
01488	0.000646887
01489	0.000992737
0148A	0.00241566
01515	3.30116e-05
01555	0.000200578
01572	0.00219131
01587	0.000692452
01607	0.000158973
01678	0.00105113
01681	0.000557351
01682	0.00257069
01729	0.000102119
01763	0.000246569
01780	2.55072e-05
01783	0.0255212
01821	0.000108804
01846	0.000328051
01855	3.22039e-05
01875	0.00169441
01876	0.000146073
01926	0.000776423
01961	0.000860279
01993	0.000223922
01995	0.0101868
01999	0.000413757
02007	0.00143015
02022	0.000270962
02025	0.000317006
02029	0.000277708
02047	0.00265198
02051	4.572e-05
02071	0.000335109
02092	0.000197243
02098	2.98163e-05
02103	0.00176104
02104	0.00267832
02167	1.73217e-05
02180	0.000297563
02185	0.000901298
0219A	0.000547917
02209	0.000481414
02210	0.000385828
02239	0.00288717
02281	9.31251e-05
02284	0.000365554
02300	0.00175176
02303	0.00195689
02325	6.76785e-05
02340	6.15369e-05
02343	0.000181707
02344	0.0014122
02359	9.23438e-05
02364	0.000278128
02365	6.07151e-05
02421	0.000233962
02425	0.0024987
02432	0.000106858
02449	0.000199212
02452	0.000195149
02473	0.000404615
02482	8.41145e-05
02494	0.00065608
02505	0.000660202
02511	0.000160328
02527	0.000706355
02544	6.11457e-05
02562	4.60056e-05
02563	0.00266832
02565	0.000128114
02571	0.00209609
02572	0.00050331
02585	0.00120319
02605	0.00548539
02618	6.75637e-05
02630	0.000518359
02638	0.000268684
02649	0.000292217
02654	0.000584906
02681	0.000117141
02684	0.000140953
02725	9.97183e-05
02732	0.001815
02768	0.000159016
02776	0.000730853
02802	0.00028851
02813	0.0104157
02826	0.000959459
02831	0.000175191
0283A	0.000798004
02852	0.000925207
02859	0.000783968
02876	0.00168717
02891	0.000844688
02938	0.000137309
02944	0.00143267
02962	0.00687342
0296A	0.00412186
02973	1.7341e-05
02988	0.000209495
02989	0.000703732
03007	0.000123953
03015	0.000439806
03073	0.00687986
03160	0.000269509
03195	5.37558e-05
03234	0.000186608
03244	0.00106004
03259	0.00469539
03268	0.00466351
03284	0.000400892
03297	0.00044584
03302	0.0222167
03323	4.65504e-05
03349	0.000210322
03356	0.000131438
03357	0.00170633
03438	0.00207003
03455	0.00100461
03467	0.00045829
03495	0.000156406
03514	0.00108836
03531	0.000122024
03546	0.00027319
03558	0.000238422
03569	0.00064269
03581	0.00079409
03585	0.000213731
03619	0.000210969
03669	0.000254194
03672	0.00062495
03683	0.00342235
03729	0.000383644
03754	0.000658636
03755	6.71927e-05
03764	0.000762419
03773	0.00028643
03776	0.00402467
03797	0.00156616
03809	0.000226642
03815	0.00232058
03832	0.000137773
03846	0.000902887
03853	0.00196354
03864	0.0020231
03880	4.76749e-05
03944	0.00450783
03961	0.000213196
03962	0.00088567
03967	0.000272779
03981	0.00114609
03982	0.000868029
03983	0.000833725
03988	8.04554e-05
04006	7.93916e-05
04007	0.000149876
04031	0.00038833
0404A	0.000406745
04055	6.32117e-05
04062	5.22711e-05
04071	0.00124293
04090	0.00297958
04119	0.000267192
04149	0.000127966
04170	0.000201659
04177	0.00831349
04194	0.000521087
0419A	0.000332936
04209	0.000356626
0423A	5.78731e-05
04308	0.000313311
04319	0.000374695
04333	0.000172943
04362	3.76015e-05
04392	0.000802505
04426	0.000304795
04435	0.000128684
04474	0.00251044
04482	1.18906e-05
04524	0.000294298
04529	0.000145513
04549	0.00103797
04662	0.00384096
04676	0.000245313
0467A	3.39481e-05
04689	0.000222931
04703	9.60402e-05
04713	0.00132256
0471A	0.000922004
04762	0.000235111
04779	6.66072e-05
04784	0.00158987
04854	0.0103779
04865	0.000777873
04873	2.11005e-05
04885	0.000282007
04894	4.7085e-05
04897	0.00450217
04913	0.00168173
04918	0.00206941
04922	0.000851131
04940	0.00140606
04966	0.0171606
04971	0.000455242
04987	0.000117935
04994	0.000424249
04998	0.000361994
05008	0.0117862
05011	0.000785277
05012	0.0050471
05020	2.68296e-05
05027	0.0018301
05049	0.000975987
05078	0.0037091
05092	0.00361871
05102	0.000262796
05108	0.00262635
05115	0.000812792
05131	0.000393709
05145	0.00116408
05168	8.28957e-05
05180	7.68293e-06
05183	0.00174308
05244	0.000362762
05282	0.00210983
05284	0.000165047
05285	0.00122622
05349	0.0017124
05369	2.88198e-05
05373	0.00764332
05407	0.000190942
05417	0.000543567
05420	0.000297592
05423	0.000310726
05429	0.000212129
05435	0.00139379
05458	0.0020587
05476	0.000380103
0554A	0.000808143
05556	8.45679e-05
05569	0.000231183
05580	0.00233103
05581	3.27874e-05
05624	3.76374e-05
05659	0.00492901
05677	0.0029766
05681	0.00167845
05702	7.05928e-05
0572A	0.00150339
05744	0.000265251
05764	2.03385e-05
05769	0.000390914
05773	0.00148489
05816	0.000176145
05821	0.00242007
0583A	0.000932567
05855	0.000142813
05859	0.000286091
05866	7.74817e-05
05868	0.000847089
05873	0.00240252
05874	0.000205106
05881	0.00178298
05886	0.0011195
05910	0.000360278
05915	3.44922e-05
05920	1.03412e-05
05928	0.000803012
05957	0.00218826
05960	0.000888467
05969	0.000753965
05978	0.000489611
05984	0.00297307
05988	0.000141883
06039	2.47314e-05
06061	0.00469517
06106	0.00166041
06135	0.000465745
06172	3.87192e-05
06184	0.00034202
06224	0.00613879
06257	0.000306081
06263	0.000538432
06264	0.00186727
0626A	3.39439e-05
06277	0.00138222
06297	0.000752113
06347	0.00429431
06402	0.000269475
06418	0.00269418
06423	7.83347e-05
06435	0.000235853
06437	0.0027108
06454	0.000785127
06466	0.000847908
06477	0.0006837
06489	0.00124771
06494	0.00415647
06517	0.00131132
06533	0.00106447
06536	8.94645e-05
06538	9.14126e-05
06544	0.000399172
06559	0.000174503
06562	0.000288922
06616	0.000882569
06671	0.000441773
06694	0.000510459
0671A	0.0027686
06737	0.00238588
06751	0.00128418
06770	0.00415531
06777	0.000647433
06792	0.00102159
06801	0.00185587
06832	0.0183368
06837	0.000295364
06842	0.000656466
06862	0.0029157
06882	0.000296476
06886	0.000442865
06908	0.000820586
06918	0.000117297
06920	0.000817022
06925	0.0304945
06939	0.00115205
06976	0.000305248
07005	9.81713e-05
07017	0.00271685
07079	0.186608
07081	7.91661e-05
07103	0.00294806
07123	7.23117e-05
07136	0.000543887
07173	3.41399e-05
07201	6.07557e-05
07230	0.000150249
07272	0.0037086
07283	0.00561975
07290	6.17312e-05
07311	0.000565664
07393	0.00517883
07416	0.00130252
07429	0.00601003
07433	0.00368446
07441	0.000387503
07486	0.00318461
07490	0.000160677
07506	0.00256709
07508	0.000506667
07558	0.0109069
07585	0.000300724
07602	0.000536253
07609	0.0065076
07636	4.30968e-05
07637	0.0310865
07642	0.0202624
07655	0.0075825
07658	0.00114208
07663	6.4443e-05
07665	0.000104433
07685	0.00403465
07694	0.000206075
07697	0.00074987
07719	0.000527751
07726	0.000673614
07739	0.0126935
07786	0.000663044
07788	0.000625719
07790	0.000493307
07816	0.00180315
07853	0.00098686
07861	0.000337094
07872	0.00202592
07874	0.0010013
07884	0.000256631
07886	0.000320678
07908	0.00067536
07918	0.000233322
07924	0.00110476
07949	0.000826832
08003	0.00121753
08044	0.000109458
08045	0.00185485
08049	6.88103e-05
08051	0.00352574
08092	0.000295358
08093	0.0018134
08132	0.00121009
08133	0.00143957
08145	0.0260512
08155	0.00022203
08173	0.000351502
08178	0.00171882
08210	0.000160788
08212	0.000267295
08263	0.00763152
08300	0.000749844
08314	0.00328435
08363	0.000510508
08376	0.00077401
08427	0.000139046
08434	0.0210449
08451	0.000829555
08453	0.000441141
08471	0.00046551
08482	0.00036229
08512	5.19914e-05
08539	0.000500538
0853A	0.000519047
08558	0.000143478
08580	0.00132287
08594	0.00442544
08676	0.00111684
08686	6.50252e-05
08687	0.000220717
08712	0.00150611
08747	0.000616386
08772	0.000131875
08773	0.00023886
08826	0.00201601
08828	0.000244947
08848	0.00169912
08854	0.00205723
08858	0.000112246
08860	8.29572e-06
08888	0.000546891
08890	6.15281e-05
08892	0.000601271
08913	0.00153069
08964	0.00927347
09021	0.000193815
09033	0.00155567
09055	0.000723642
09072	0.00044234
09085	0.000420822
0918A	2.85526e-05
09215	0.00184856
09217	0.000279507
09220	8.9309e-05
09221	4.21485e-05
09225	0.000152442
09226	0.00103226
09232	0.00144435
09263	0.000169101
09268	0.00178631
09278	0.000319456
09283	0.000114766
09284	0.00056164
09302	9.22607e-05
09313	0.000563522
09323	0.00314054
09335	0.00240914
09350	0.000344034
09357	0.00516647
09360	0.00215828
09370	6.78495e-05
09417	0.0010994
09444	0.000293297
09486	0.00506431
09503	0.00691232
09514	5.22245e-05
09529	0.00207171
09534	0.0162249
09545	0.00194645
09547	4.01559e-05
09574	0.000884004
09581	0.000358689
09582	4.66677e-05
09595	0.000504571
09599	0.000797694
09629	0.00105738
09658	0.000100195
09693	0.00110595
09766	2.39857e-05
09788	0.000673635
09803	0.000159454
09829	0.00104552
09837	0.000748538
09838	0.000127928
0987A	6.59311e-05
09881	0.000420195
09883	0.00498305
09886	0.000159639
09896	0.00143987
09906	0.00035105
09918	0.000270009
09932	0.00060073
09934	0.000292778
09982	5.70251e-05
09986	9.27431e-05
