# format = weight
# date = 20241129
01346	0.000302558
01361	0.00220754
0137A	0.000601421
01384	0.000408801
01454	0.000457357
01464	0.000229368
01482	0.000874764
01484	0.000139305
01488	0.000640459
01489	0.000982873
0148A	0.00239166
01492	5.49369e-05
01514	0.000613421
01515	3.26836e-05
01572	0.00216954
01587	0.000685571
01616	0.000617036
01649	0.000452953
01659	0.0021665
01681	0.000551813
01682	0.00254514
01729	0.000101104
01763	0.000244119
01780	2.52537e-05
01783	0.0252676
01846	0.000324792
01855	3.18839e-05
01875	0.00167758
01876	0.000144622
01953	0.000323416
01961	0.000851731
01993	0.000221697
01999	0.000409646
02007	0.00141594
02022	0.00026827
02048	0.000245725
02051	4.52657e-05
02071	0.000331779
02092	0.000195283
02098	2.952e-05
02103	0.00174355
02104	0.0026517
02167	1.71496e-05
02180	0.000294607
02185	0.000892343
02209	0.00047663
02210	0.000381994
02216	0.000861807
02244	0.00030492
02281	9.21998e-05
02282	0.000432577
02284	0.000361922
02300	0.00173435
02303	0.00193745
02325	6.7006e-05
02343	0.000179901
02344	0.00139817
02345	0.0043574
02359	9.14262e-05
02364	0.000275364
02365	6.01118e-05
02421	0.000231638
02425	0.00247387
02432	0.000105796
02449	0.000197233
02452	0.00019321
02482	8.32787e-05
02494	0.000649561
02505	0.000653642
02511	0.000158735
02527	0.000699337
02544	6.05382e-05
02562	4.55485e-05
02563	0.0026418
02565	0.000126841
02571	0.00207526
02572	0.000498309
02585	0.00119123
02605	0.00543089
02618	6.68924e-05
02630	0.000513208
02638	0.000266014
02649	0.000289313
02654	0.000579094
02681	0.000115977
02684	0.000139552
02732	0.00179696
02768	0.000157436
02776	0.000723591
02802	0.000285644
02813	0.0103122
02826	0.000949925
0283A	0.000790075
02852	0.000916014
02859	0.000776178
02876	0.00167041
02938	0.000135944
02944	0.00141843
02962	0.00680512
0296A	0.0040809
02973	1.71687e-05
02988	0.000207413
02989	0.000696739
03007	0.000122721
03015	0.000435436
03073	0.0068115
03152	0.00550117
03160	0.000266831
03195	5.32216e-05
03234	0.000184754
03244	0.00104951
03259	0.00464874
03268	0.00461718
03281	0.000930184
03284	0.000396908
03297	0.00044141
03302	0.0219959
03323	4.60879e-05
03349	0.000208233
03356	0.000130132
03357	0.00168937
03467	0.000453736
03476	0.00124585
03495	0.000154852
03531	0.000120811
03546	0.000270476
03558	0.000236053
0355A	0.000228328
03569	0.000636305
03581	0.000786199
03617	5.64743e-05
03619	0.000208873
03628	0.000523877
03664	0.000594893
03669	0.000251668
03672	0.00061874
03683	0.00338834
03690	0.00384694
03696	7.65147e-05
03729	0.000379832
03754	0.000652092
03755	6.6525e-05
03762	0.00689181
03764	0.000754843
03773	0.000283584
03797	0.0015506
03805	0.00276517
03809	0.00022439
03815	0.00229752
03832	0.000136404
03846	0.000893915
03853	0.00194403
03864	0.002003
03877	0.000334097
03880	4.72012e-05
03920	0.000264715
03944	0.00446303
03961	0.000211077
03962	0.00087687
03967	0.000270069
03981	0.0011347
03982	0.000859404
03983	0.000825441
04006	7.86028e-05
04007	0.000148387
0404A	0.000402703
04055	6.25837e-05
04062	5.17518e-05
04090	0.00294997
04119	0.000264537
04149	0.000126695
04170	0.000199655
04177	0.00823088
04194	0.000515909
0419A	0.000329628
04209	0.000353082
04300	0.000271256
04308	0.000310198
04333	0.000171224
04362	3.72279e-05
04392	0.000794531
04435	0.000127405
04465	0.002411
04474	0.0024855
04482	1.17724e-05
04524	0.000291374
04529	0.000144067
04549	0.00102766
04578	0.000355439
04662	0.0038028
04666	4.19566e-05
04676	0.000242876
04689	0.000220716
04703	9.50859e-05
0471A	0.000912843
04762	0.000232775
04779	6.59453e-05
04784	0.00157408
04810	0.000619991
04818	0.000294877
04854	0.0102748
04865	0.000770144
04873	2.08908e-05
04885	0.000279205
04894	4.66171e-05
04897	0.00445744
04907	0.00430897
04911	0.000459626
04913	0.00166502
04918	0.00204884
04922	0.000842674
04940	0.00139209
04966	0.0169901
04971	0.000450718
04987	0.000116763
04994	0.000420034
04998	0.000358397
05005	0.0012892
05008	0.0116691
05011	0.000777474
05012	0.00499695
05020	2.6563e-05
05027	0.00181191
05045	0.000340348
05078	0.00367224
05102	0.000260185
05108	0.00260025
05115	0.000804716
05131	0.000389797
05145	0.00115251
05168	8.20721e-05
05180	7.60659e-06
05189	0.000217828
05198	0.00726417
05222	3.88625e-05
05282	0.00208887
05284	0.000163407
05285	0.00121404
05316	0.000198588
05349	0.00169539
05369	2.85334e-05
05373	0.00756737
05388	0.000465038
05407	0.000189045
05416	0.00168338
05423	0.000307638
05435	0.00137994
05458	0.00203825
05463	0.000871142
05476	0.000376326
05481	0.0129183
05484	0.000180733
0554A	0.000800113
05556	8.37276e-05
05569	0.000228886
05579	2.62944e-05
05580	0.00230787
05581	3.24616e-05
05654	0.000845297
05659	0.00488003
05677	0.00294703
05681	0.00166177
05702	6.98914e-05
0572A	0.00148845
05744	0.000262616
05764	2.01364e-05
05769	0.00038703
05773	0.00147013
05816	0.000174394
05821	0.00239602
0583A	0.0009233
05855	0.000141394
05859	0.000283248
05866	7.67119e-05
05873	0.00237865
05874	0.000203068
05881	0.00176527
05886	0.00110838
05910	0.000356698
05915	3.41495e-05
05920	1.02384e-05
05928	0.000795033
05957	0.00216652
05960	0.000879639
05964	9.18512e-05
05969	0.000746473
05984	0.00294353
05988	0.000140474
06039	2.44856e-05
06061	0.00464851
06106	0.00164391
06135	0.000461117
06172	3.83345e-05
06184	0.000338621
06257	0.00030304
06263	0.000533082
06264	0.00184872
06277	0.00136848
06297	0.00074464
06347	0.00425164
06418	0.00266741
06423	7.75563e-05
06435	0.00023351
06437	0.00268387
06454	0.000777326
06466	0.000839483
06477	0.000676907
06489	0.00123532
06517	0.00129829
06533	0.0010539
06536	8.85756e-05
06538	9.05043e-05
06544	0.000395206
06559	0.00017277
06616	0.0008738
06671	0.000437383
06694	0.000505386
06735	6.08905e-05
06737	0.00236217
0673A	0.000296491
06751	0.00127142
06770	0.00411402
06777	0.000641
06792	0.00101144
06801	0.00183743
06808	0.00225805
06832	0.0181546
06837	0.000292429
06842	0.000649943
06862	0.00288673
06908	0.000812433
06914	0.000446209
06918	0.000116131
06920	0.000808903
06925	0.0301915
06939	0.0011406
06967	0.00220807
06976	0.000302215
06977	0.000142181
06981	0.000469609
07005	9.71959e-05
07017	0.00268986
07045	0.00562449
07079	0.184754
07081	7.83794e-05
07103	0.00291877
07123	7.15932e-05
07173	3.38007e-05
07201	6.0152e-05
07230	0.000148756
07249	0.000511305
07272	0.00367175
07311	0.000560043
07321	0.000188524
07379	0.000201207
07393	0.00512737
07416	0.00128957
07429	0.00595031
07433	0.00364785
07440	0.000339294
07441	0.000383653
07461	0.0227664
07486	0.00315297
07490	0.000159081
07508	0.000501633
07558	0.0107985
07602	0.000530925
07609	0.00644294
07619	0.000280475
07636	4.26686e-05
07637	0.0307776
07642	0.0200611
07645	0.000284684
07655	0.00750716
07658	0.00113074
07663	6.38026e-05
07665	0.000103395
07685	0.00399456
07694	0.000204028
07697	0.000742419
07719	0.000522507
07726	0.000666921
07739	0.0125673
07772	0.00103061
07786	0.000656455
07788	0.000619502
07790	0.000488405
07816	0.00178523
07853	0.000977055
07861	0.000333744
07872	0.00200579
07874	0.000991351
07884	0.000254081
07886	0.000317492
07908	0.00066865
07918	0.000231004
07924	0.00109378
07949	0.000818617
08003	0.00120544
08044	0.00010837
08045	0.00183642
08049	6.81266e-05
08051	0.0034907
08092	0.000292423
08093	0.00179538
08132	0.00119807
08133	0.00142526
08134	0.000410786
08145	0.0257923
08173	0.000348009
08178	0.00170174
08210	0.00015919
08212	0.000264639
08263	0.0075557
08276	0.000174655
08300	0.000742393
08314	0.00325171
08349	0.000375655
08353	4.86046e-05
08370	0.00100943
08376	0.000766319
08427	0.000137664
08451	0.000821312
08453	0.000436758
08471	0.000460884
08482	0.00035869
08499	0.000633055
08512	5.14748e-05
08539	0.000495565
0853A	0.00051389
08558	0.000142052
08580	0.00130972
08594	0.00438147
08676	0.00110575
08687	0.000218524
08712	0.00149114
08747	0.000610261
08772	0.000130565
08773	0.000236487
08780	0.00124838
08826	0.00199598
08828	0.000242514
08846	0.000172299
08854	0.00203679
08858	0.000111131
08879	0.000189696
08888	0.000541457
08890	6.09168e-05
08892	0.000595297
08964	0.00918132
09010	0.000162489
09021	0.000191889
09033	0.00154022
09055	0.000716451
09072	0.000437945
09085	0.000416641
0918A	2.82689e-05
09215	0.00183019
09220	8.84216e-05
09221	4.17297e-05
09225	0.000150927
09237	2.94279e-05
09263	0.00016742
09265	0.00152375
09268	0.00176856
09278	0.000316282
09283	0.000113626
09284	0.00055606
09302	9.13439e-05
09313	0.000557923
09335	0.00238521
09345	9.49684e-05
09350	0.000340616
09357	0.00511513
09360	0.00213683
09370	6.71753e-05
09417	0.00108847
09444	0.000290383
09503	0.00684364
09514	5.17056e-05
09529	0.00205112
09534	0.0160637
09545	0.00192711
09547	3.97569e-05
09574	0.00087522
09581	0.000355125
09595	0.000499557
09597	0.000110758
09599	0.000789768
09658	9.91996e-05
09730	0.000276297
09766	2.37474e-05
09788	0.000666942
09789	9.11224e-05
09803	0.00015787
09829	0.00103513
09837	0.0007411
09838	0.000126657
0987A	6.5276e-05
09881	0.000416019
09883	0.00493353
09886	0.000158053
09896	0.00142556
09906	0.000347562
09918	0.000267326
09934	0.000289869
09951	0.000702144
09982	5.64585e-05
09986	9.18216e-05
