# format = weight
# date = 20241031
01356	0.000220101
01361	0.00225516
0137A	0.000614395
01384	0.00041762
01419	0.000314429
01454	0.000467223
01464	0.000234316
01482	0.000893635
01484	0.000142311
01489	0.00100408
0148A	0.00244325
01514	0.000626654
01515	3.33886e-05
01572	0.00221634
01587	0.000700361
01607	0.000160789
01616	0.000630347
01649	0.000462725
01678	0.00106314
01681	0.000563717
01682	0.00260005
01729	0.000103285
01763	0.000249385
01780	2.57985e-05
01783	0.0258127
01821	0.000110046
01846	0.000331798
01855	3.25717e-05
01876	0.000147741
01926	0.000785292
01993	0.00022648
01995	0.0103031
02007	0.00144649
02025	0.000320627
02029	0.00028088
02051	4.62423e-05
02071	0.000338937
02092	0.000199496
02098	3.01568e-05
02103	0.00178116
02104	0.00270891
02167	1.75196e-05
02180	0.000300962
02185	0.000911593
02209	0.000486913
02210	0.000390235
02216	0.000880399
02281	9.41888e-05
02282	0.000441909
02284	0.000369729
02300	0.00177177
02303	0.00197924
02340	6.22398e-05
02343	0.000183782
02344	0.00142834
02345	0.00445141
02359	9.33985e-05
02364	0.000281305
02365	6.14086e-05
02421	0.000236635
02425	0.00252724
02432	0.000108079
02449	0.000201488
02452	0.000197378
02473	0.000409237
02482	8.50752e-05
02494	0.000663573
02505	0.000667743
02511	0.00016216
02527	0.000714423
02544	6.18441e-05
02562	4.65311e-05
02563	0.00269879
02565	0.000129577
02571	0.00212003
02572	0.000509059
02585	0.00121693
02605	0.00554804
02638	0.000271753
02649	0.000295554
02654	0.000591586
02681	0.000118479
02694	0.000345295
02730	0.000420469
02732	0.00183573
02768	0.000160832
02776	0.000739201
02787	0.000594857
02802	0.000291806
02813	0.0105347
02826	0.000970418
02831	0.000177192
0283A	0.000807119
02852	0.000935775
02859	0.000792923
02876	0.00170645
02891	0.000854336
02938	0.000138877
0296A	0.00416894
02973	1.75391e-05
02988	0.000211888
02989	0.00071177
03007	0.000125369
03073	0.00695844
03160	0.000272588
03195	5.43698e-05
03234	0.000188739
03244	0.00107215
03259	0.00474902
03268	0.00471678
03281	0.000950251
03284	0.000405471
03297	0.000450933
03302	0.0224704
03342	0.00159811
03349	0.000212725
03356	0.00013294
03357	0.00172582
03438	0.00209367
03455	0.00101608
03467	0.000463525
03476	0.00127272
03514	0.00110079
03546	0.000276311
0355A	0.000233254
03585	0.000216173
03617	5.76926e-05
03619	0.000213379
03628	0.000535178
03664	0.000607726
03669	0.000257097
03672	0.000632088
03683	0.00346144
03690	0.00392993
03696	7.81653e-05
03729	0.000388026
03754	0.000666159
03762	0.00704048
03764	0.000771128
03797	0.00158405
03809	0.000229231
03815	0.00234708
03832	0.000139347
03846	0.0009132
03853	0.00198597
03864	0.00204621
03877	0.000341304
03880	4.82194e-05
03920	0.000270426
03944	0.00455931
03961	0.000215631
03962	0.000895786
03967	0.000275895
03981	0.00115918
03982	0.000877944
04006	8.02984e-05
04007	0.000151588
04031	0.000392765
0404A	0.000411391
04055	6.39338e-05
04058	0.0157496
04062	5.28682e-05
04071	0.00125713
04090	0.00301361
04149	0.000129428
04170	0.000203963
04177	0.00840844
04194	0.000527038
0419A	0.000336739
04209	0.000360699
0423A	5.85341e-05
04274	0.00386764
04300	0.000277108
04308	0.000316889
04319	0.000378975
04362	3.8031e-05
04392	0.000811671
04426	0.000308277
04435	0.000130154
04465	0.00246301
04474	0.00253912
04524	0.00029766
04549	0.00104983
04666	4.28618e-05
04676	0.000248115
0467A	3.43358e-05
04689	0.000225477
04703	9.71371e-05
04713	0.00133767
0471A	0.000932535
04762	0.000237796
04779	6.7368e-05
04784	0.00160803
04810	0.000633366
04818	0.000301239
04854	0.0104964
04863	0.00733483
04865	0.000786758
04873	2.13415e-05
04885	0.000285229
04894	4.76228e-05
04897	0.0045536
04907	0.00440193
04911	0.000469542
04913	0.00170094
04918	0.00209304
04940	0.00142212
04966	0.0173566
04971	0.000460441
04987	0.000119282
04994	0.000429095
04998	0.000366129
05005	0.00131701
05008	0.0119209
05011	0.000794247
05012	0.00510474
05020	2.71361e-05
05027	0.001851
05045	0.000347691
05049	0.000987135
05078	0.00375146
05092	0.00366004
05108	0.00265634
05115	0.000822076
05131	0.000398206
05145	0.00117737
05168	8.38426e-05
05180	7.77069e-06
05183	0.00176299
05189	0.000222528
05215	0.000398542
05222	3.97009e-05
05244	0.000366906
05282	0.00213393
05284	0.000166932
05285	0.00124023
05316	0.000202872
05349	0.00173196
05369	2.91489e-05
05373	0.00773062
05388	0.000475071
05416	0.00171969
05423	0.000314275
05429	0.000214552
05435	0.00140971
05458	0.00208222
05463	0.000889935
05476	0.000384445
05481	0.0131969
05484	0.000184632
0554A	0.000817374
05556	8.55338e-05
05569	0.000233824
05579	2.68617e-05
05580	0.00235766
05581	3.31619e-05
05624	3.80673e-05
05654	0.000863532
05659	0.00498531
05677	0.0030106
05681	0.00169762
05702	7.13992e-05
05744	0.000268281
05764	2.05708e-05
05769	0.000395379
05773	0.00150185
05816	0.000178156
0583A	0.000943218
05855	0.000144445
05859	0.000289359
05866	7.83667e-05
05868	0.000856765
05873	0.00242996
05874	0.000207449
05886	0.00113229
05915	3.48862e-05
05920	1.04593e-05
05928	0.000812184
05957	0.00221325
05960	0.000898615
05964	9.38327e-05
05969	0.000762577
05978	0.000495204
05984	0.00300703
06039	2.50139e-05
06061	0.00474879
06106	0.00167938
06135	0.000471065
06154	0.000284017
06172	3.91614e-05
06257	0.000309577
06263	0.000544582
06264	0.0018886
0626A	3.43316e-05
06277	0.00139801
06297	0.000760704
06347	0.00434336
06418	0.00272495
06437	0.00274176
06454	0.000794095
06466	0.000857593
06477	0.00069151
06489	0.00126197
06494	0.00420395
06517	0.0013263
06533	0.00107663
06536	9.04864e-05
06538	9.24567e-05
06544	0.000403731
06559	0.000176497
06616	0.00089265
06671	0.000446819
06694	0.000516289
0671A	0.00280022
06735	6.22041e-05
0673A	0.000302888
06751	0.00129885
06770	0.00420277
06777	0.000654828
06792	0.00103326
06801	0.00187707
06808	0.00230676
06837	0.000298738
06842	0.000663964
06882	0.000299863
06886	0.000447924
06908	0.000829959
06914	0.000455835
06920	0.000826354
06925	0.0308428
06967	0.00225571
06976	0.000308735
06977	0.000145248
06981	0.00047974
07005	9.92926e-05
07017	0.00274789
07045	0.00574583
07079	0.188739
07103	0.00298173
07123	7.31376e-05
07136	0.000550099
07173	3.45298e-05
07201	6.14497e-05
07230	0.000151965
07249	0.000522335
07272	0.00375096
07283	0.00568394
07290	6.24363e-05
07311	0.000572125
07321	0.000192591
07379	0.000205548
07416	0.00131739
07429	0.00607868
07433	0.00372654
07440	0.000346613
07441	0.000391929
07506	0.00259641
07508	0.000512454
07558	0.0110315
07602	0.000542378
07609	0.00658193
07619	0.000286526
07636	4.35891e-05
07637	0.0314415
07642	0.0204939
07645	0.000290826
07647	0.00125171
07655	0.00766911
07658	0.00115513
07663	6.5179e-05
07665	0.000105626
07685	0.00408074
07694	0.000208429
07697	0.000758435
07719	0.000533779
07726	0.000681308
07739	0.0128384
07772	0.00105285
07786	0.000670617
07790	0.000498941
07816	0.00182375
07845	2.18071e-05
07872	0.00204906
07874	0.00101274
07884	0.000259562
07886	0.000324341
07908	0.000683074
07924	0.00111737
07949	0.000836276
08044	0.000110708
08045	0.00187604
08049	6.95963e-05
08051	0.00356601
08092	0.000298732
08093	0.00183411
08130	0.000408685
08132	0.00122391
08133	0.00145601
08134	0.000419647
08155	0.000224566
08178	0.00173845
08210	0.000162624
08212	0.000270348
08263	0.00771869
08276	0.000178423
08300	0.000758409
08314	0.00332186
08349	0.000383759
08353	4.96531e-05
08363	0.000516339
08370	0.00103121
08376	0.000782851
08427	0.000140634
08434	0.0212853
08451	0.00083903
08453	0.00044618
08471	0.000470827
08482	0.000366428
08499	0.000646712
08512	5.25853e-05
08539	0.000506256
0853A	0.000524976
08558	0.000145117
08594	0.00447599
08676	0.0011296
08712	0.00152331
08747	0.000623426
08773	0.000241588
08780	0.00127532
08826	0.00203904
08828	0.000247745
08846	0.000176016
08848	0.00171852
08854	0.00208073
08860	8.39048e-06
08879	0.000193789
08888	0.000553138
08890	6.22309e-05
08892	0.000608139
08913	0.00154818
08964	0.00937939
09010	0.000165994
09021	0.000196029
09033	0.00157344
09055	0.000731907
09072	0.000447392
09085	0.000425629
09182	1.62519e-05
0918A	2.88787e-05
09217	0.0002827
09220	9.03291e-05
09221	4.263e-05
09225	0.000154183
09226	0.00104405
09232	0.00146085
09237	3.00628e-05
09263	0.000171032
09265	0.00155662
09268	0.00180671
09278	0.000323105
09284	0.000568055
09302	9.33145e-05
09313	0.000569958
09323	0.00317641
09335	0.00243666
09345	9.70171e-05
09350	0.000347964
09357	0.00522548
09360	0.00218293
09370	6.86244e-05
09417	0.00111195
09444	0.000296647
09479	0.000176729
09486	0.00512216
09503	0.00699127
09514	5.28211e-05
09529	0.00209537
09534	0.0164102
09545	0.00196868
09547	4.06146e-05
09574	0.000894101
09581	0.000362786
09582	4.72007e-05
09595	0.000510334
09599	0.000806805
09629	0.00106946
09658	0.00010134
09693	0.00111858
09710	0.000194148
09730	0.000282257
09738	0.00380966
09766	2.42597e-05
09788	0.00068133
09789	9.30882e-05
09803	0.000161276
09829	0.00105746
09837	0.000757088
09838	0.00012939
0987A	6.66842e-05
09881	0.000424994
09886	0.000161462
09896	0.00145631
09906	0.00035506
09918	0.000273093
09932	0.000607591
09934	0.000296123
09951	0.000717291
09982	5.76764e-05
