# format = weight
# date = 20240229
01346	0.00032046
01361	0.00233816
01362	0.00330826
0137A	0.000637007
01384	0.00043299
01419	0.000326001
01454	0.000484418
01464	0.000242939
01484	0.000147548
01488	0.000678354
01489	0.00104103
0148A	0.00253317
01492	5.81875e-05
01514	0.000649717
01515	3.46174e-05
01555	0.000210335
01572	0.0022979
01587	0.000726136
01607	0.000166707
01649	0.000479754
01659	0.00229469
01678	0.00110226
01681	0.000584463
01682	0.00269574
01729	0.000107086
01763	0.000258563
01780	2.6748e-05
01783	0.0267627
01821	0.000114096
01846	0.000344009
01855	3.37705e-05
01875	0.00177684
01876	0.000153179
01926	0.000814192
01953	0.000342552
01993	0.000234815
01999	0.000433884
02007	0.00149972
02025	0.000332426
02029	0.000291217
02047	0.00278098
02048	0.000260264
02051	4.79441e-05
02066	0.00180442
02071	0.00035141
02092	0.000206838
02098	3.12667e-05
02103	0.00184671
02104	0.0028086
02167	1.81643e-05
02180	0.000312038
02185	0.000945142
02210	0.000404597
02216	0.000912799
02239	0.00302762
02244	0.000322962
02282	0.000458172
02284	0.000383336
02300	0.00183697
02303	0.00205208
02325	7.09707e-05
02340	6.45303e-05
02343	0.000190546
02344	0.0014809
02345	0.00461523
02359	9.68358e-05
02364	0.000291657
02365	6.36686e-05
02421	0.000245344
02425	0.00262025
02432	0.000112056
02452	0.000204642
02482	8.82062e-05
02494	0.000687995
02505	0.000692317
02527	0.000740716
02544	6.41202e-05
02563	0.00279812
02565	0.000134346
02571	0.00219806
02572	0.000527793
02605	0.00575223
02618	7.08503e-05
02630	0.000543575
02638	0.000281754
02649	0.000306431
02654	0.000613358
02681	0.000122839
02684	0.000147809
02694	0.000358003
02725	0.000104569
02730	0.000435943
02732	0.00190329
02768	0.000166751
02787	0.000616749
02802	0.000302545
02826	0.00100613
02831	0.000183713
0283A	0.000836823
02852	0.000970214
02876	0.00176925
02891	0.000885778
02938	0.000143988
02944	0.00150236
02962	0.00720777
0296A	0.00432237
02988	0.000219686
02989	0.000737965
03007	0.000129983
03015	0.0004612
03152	0.00582667
03160	0.00028262
03195	5.63707e-05
03234	0.000195685
03244	0.00111161
03259	0.0049238
03268	0.00489037
03281	0.000985222
03297	0.000467528
03323	4.88149e-05
03342	0.00165692
03349	0.000220554
03356	0.000137832
03357	0.00178933
03438	0.00217072
03495	0.000164014
03514	0.0011413
03531	0.000127959
03546	0.00028648
03558	0.00025002
03569	0.000673954
03581	0.000832718
03585	0.000224128
03617	5.98159e-05
03619	0.000221232
03628	0.000554874
03664	0.000630092
03669	0.000266559
03672	0.00065535
03683	0.00358883
03690	0.00407456
03696	8.1042e-05
03729	0.000402307
03755	7.04612e-05
03762	0.00729959
03764	0.000799507
03773	0.000300364
03776	0.00422045
03797	0.00164234
03805	0.00292879
03809	0.000237667
03832	0.000144475
03846	0.000946808
03864	0.00212152
03880	4.9994e-05
03920	0.000280378
03944	0.00472711
03961	0.000223566
03962	0.000928753
03967	0.000286049
03981	0.00120184
03982	0.000910255
03988	8.43691e-05
04006	8.32536e-05
04031	0.00040722
04055	6.62867e-05
04058	0.0163292
04062	5.48139e-05
04071	0.0013034
04090	0.00312452
04119	0.000280189
04149	0.000134191
04170	0.000211469
04177	0.0087179
04194	0.000546435
0419A	0.000349131
04209	0.000373974
0423A	6.06883e-05
04274	0.00400998
04300	0.000287306
04308	0.000328552
04319	0.000392922
04333	0.000181356
04347	0.000118557
04362	3.94306e-05
04392	0.000841542
04426	0.000319622
04435	0.000134944
04465	0.00255366
04474	0.00263256
04482	1.2469e-05
04524	0.000308614
04529	0.000152592
04549	0.00108847
04578	0.00037647
04666	4.44392e-05
04676	0.000257247
0467A	3.55995e-05
04703	0.000100712
0471A	0.000966855
04762	0.000246548
04784	0.00166721
04818	0.000312325
04863	0.00760477
04865	0.000815712
04873	2.21269e-05
04885	0.000295726
04897	0.00472118
04907	0.00456393
04911	0.000486822
04913	0.00176354
04918	0.00217007
04922	0.000892534
04940	0.00147446
04966	0.0179954
04971	0.000477387
04987	0.000123672
04994	0.000444887
04998	0.000379603
05005	0.00136548
05008	0.0123596
05011	0.000823477
05012	0.00529261
05020	2.81348e-05
05027	0.00191912
05045	0.000360487
05049	0.00102346
05078	0.00388952
05092	0.00379474
05102	0.000275579
05108	0.0027541
05115	0.00085233
05131	0.000412861
05145	0.0012207
05168	8.69282e-05
05180	8.05667e-06
05183	0.00182787
05198	0.00769398
05215	0.000413209
05222	4.1162e-05
05244	0.000380409
05282	0.00221247
05284	0.000173076
05285	0.00128587
05349	0.0017957
05369	3.02217e-05
05388	0.000492554
05416	0.00178298
05417	0.000570008
05420	0.000312068
05423	0.000325841
05429	0.000222448
05435	0.00146159
05458	0.00215885
05463	0.000922687
05476	0.000398593
05481	0.0136826
05556	8.86817e-05
05569	0.000242429
05579	2.78502e-05
05580	0.00244443
05624	3.94683e-05
05659	0.00516878
05677	0.0031214
05681	0.0017601
05702	7.40268e-05
0572A	0.00157652
05744	0.000278154
05764	2.13279e-05
05769	0.00040993
05773	0.00155712
05816	0.000184713
0583A	0.000977931
05855	0.00014976
05859	0.000300008
05866	8.12508e-05
05868	0.000888296
05873	0.00251939
05874	0.000215083
05881	0.00186972
05886	0.00117396
05910	0.000377804
05915	3.61701e-05
05920	1.08442e-05
05928	0.000842074
05957	0.00229471
05960	0.000931687
05964	9.72859e-05
05969	0.000790642
05978	0.000513429
05984	0.00311769
06039	2.59344e-05
06154	0.000294469
06172	4.06027e-05
06184	0.000358657
06257	0.00032097
06263	0.000564624
06264	0.0019581
0626A	3.55951e-05
06277	0.00144946
06297	0.0007887
06347	0.00450321
06402	0.000282583
06418	0.00282523
06423	8.21452e-05
06437	0.00284267
06454	0.000823319
06477	0.000716959
06494	0.00435866
06517	0.00137511
06533	0.00111626
06538	9.58593e-05
06544	0.000418589
06562	0.000302976
06616	0.000925501
06671	0.000463263
06694	0.00053529
0671A	0.00290328
06735	6.44933e-05
0673A	0.000314035
06751	0.00134665
06777	0.000678927
06792	0.00107128
06801	0.00194615
06808	0.00239165
06832	0.0192288
06837	0.000309732
06862	0.00305754
06882	0.000310898
06886	0.000464409
06908	0.000860504
06914	0.00047261
06918	0.000123003
06920	0.000856766
06939	0.00120809
06967	0.00233872
06976	0.000320097
06977	0.000150593
07005	0.000102947
07017	0.00284902
07045	0.00595729
07079	0.195685
07084	0.000803991
07103	0.00309147
07123	7.58293e-05
07136	0.000570344
07173	3.58006e-05
07201	6.37112e-05
07230	0.000157558
07249	0.000541558
07272	0.003889
07290	6.47341e-05
07311	0.00059318
07321	0.000199679
07379	0.000213112
07393	0.00543075
07429	0.00630239
07433	0.00386369
07440	0.000359369
07441	0.000406353
07461	0.0241135
07490	0.000168494
07506	0.00269197
07508	0.000531314
07558	0.0114375
07585	0.000315353
07602	0.000562339
07609	0.00682416
07637	0.0325987
07642	0.0212481
07645	0.000301529
07647	0.00129777
07655	0.00795135
07658	0.00119764
07663	6.75778e-05
07665	0.000109513
07694	0.0002161
07697	0.000786347
07719	0.000553423
07726	0.000706382
07739	0.0133109
07772	0.00109159
07786	0.000695297
07788	0.000656157
07816	0.00189087
07845	2.26096e-05
07853	0.00103487
07861	0.000353492
07872	0.00212447
07874	0.00105001
07884	0.000269115
07886	0.000336278
07908	0.000708213
07918	0.000244672
07924	0.0011585
07949	0.000867053
08003	0.00127676
08044	0.000114782
08045	0.00194508
08049	7.21576e-05
08051	0.00369725
08093	0.00190161
08130	0.000423725
08132	0.00126896
08133	0.0015096
08134	0.000435091
08145	0.0273184
08155	0.00023283
08173	0.0003686
08178	0.00180243
08210	0.000168609
08212	0.000280297
08263	0.00800276
08276	0.000184989
08300	0.00078632
08314	0.00344411
08349	0.000397882
08353	5.14805e-05
08363	0.000535342
08370	0.00106916
08427	0.000145809
08434	0.0220686
08451	0.000869908
08453	0.000462601
08471	0.000488155
08482	0.000379913
08499	0.000670512
08512	5.45205e-05
08539	0.000524887
0853A	0.000544296
08580	0.00138722
08594	0.00464072
08676	0.00117117
08687	0.000231454
08712	0.00157937
08747	0.00064637
08772	0.00013829
08773	0.000250479
08780	0.00132225
08826	0.00211408
08848	0.00178177
08854	0.0021573
08860	8.69927e-06
08879	0.00020092
08888	0.000573494
08890	6.45212e-05
08892	0.00063052
08913	0.00160515
09010	0.000172103
09021	0.000203243
09055	0.000758843
09085	0.000441293
09182	1.685e-05
0918A	2.99416e-05
09215	0.00193849
09217	0.000293104
09220	9.36534e-05
09221	4.41988e-05
09225	0.000159858
09226	0.00108248
09232	0.00151461
09237	3.11692e-05
09263	0.000177327
09265	0.00161391
09268	0.0018732
09278	0.000334996
09283	0.000120349
09284	0.000588961
09302	9.67487e-05
09313	0.000590934
09323	0.00329331
09335	0.00252634
09345	0.000100588
09350	0.00036077
09360	0.00226326
09370	7.115e-05
09417	0.00115288
09479	0.000183233
09486	0.00531067
09503	0.00724857
09514	5.4765e-05
09529	0.00217248
09545	0.00204114
09547	4.21093e-05
09574	0.000927006
09581	0.000376138
09582	4.89378e-05
09595	0.000529116
09597	0.000117312
09599	0.000836498
09629	0.00110882
09658	0.000105069
09710	0.000201293
09730	0.000292645
09738	0.00394987
09766	2.51525e-05
09789	9.65141e-05
09803	0.000167211
09837	0.00078495
0987A	6.91383e-05
09881	0.000440635
09883	0.00522545
09886	0.000167405
09896	0.00150991
09906	0.000368127
09932	0.000629952
09934	0.000307021
09951	0.000743689
09982	5.97991e-05
09986	9.72546e-05
