# format = weight
# date = 20240830
01346	0.000303897
01356	0.000216407
01361	0.00221731
01362	0.00313728
0137A	0.000604084
01384	0.000410611
01419	0.000309152
01454	0.000459382
01464	0.000230383
01482	0.000878637
01484	0.000139922
01489	0.000987224
0148A	0.00240225
01514	0.000616137
01515	3.28283e-05
01555	0.000199464
01572	0.00217914
01607	0.000158091
01616	0.000619768
01659	0.00217609
01678	0.00104529
01729	0.000101552
01763	0.0002452
01780	2.53656e-05
01783	0.0253795
01821	0.000108199
01846	0.00032623
01855	3.20251e-05
01875	0.001685
01876	0.000145262
01926	0.000772112
01953	0.000324848
01961	0.000855502
01993	0.000222679
01995	0.0101302
02007	0.00142221
02025	0.000315245
02029	0.000276165
02047	0.00263725
02051	4.54662e-05
02066	0.00171116
02071	0.000333248
02092	0.000196147
02098	2.96507e-05
02103	0.00175127
02104	0.00266344
02167	1.72255e-05
02180	0.000295911
02185	0.000896293
0219A	0.000544875
02209	0.000478741
02216	0.000865623
02239	0.00287114
02244	0.00030627
02281	9.2608e-05
02284	0.000363524
02300	0.00174203
02303	0.00194602
02325	6.73027e-05
02340	6.11952e-05
02344	0.00140436
02345	0.0043767
02364	0.000276584
02365	6.0378e-05
02421	0.000232663
02425	0.00248482
02432	0.000106265
02449	0.000198106
02452	0.000194066
02482	8.36474e-05
02494	0.000652437
02505	0.000656536
02511	0.000159438
02527	0.000702433
02544	6.08062e-05
02563	0.0026535
02565	0.000127403
02571	0.00208445
02572	0.000500515
02585	0.00119651
02605	0.00545493
02618	6.71885e-05
02630	0.000515481
02638	0.000267192
02649	0.000290594
02681	0.000116491
02684	0.00014017
02694	0.0003395
02725	9.91646e-05
02730	0.000413412
02732	0.00180492
02768	0.000158133
02776	0.000726795
02787	0.000584874
02802	0.000286908
02813	0.0103579
02826	0.000954131
02831	0.000174218
0283A	0.000793573
02859	0.000779615
02876	0.00167781
02891	0.000839998
02938	0.000136546
02944	0.00142471
02962	0.00683525
0296A	0.00409897
02973	1.72447e-05
02988	0.000208331
02989	0.000699824
03007	0.000123265
03015	0.000437364
03073	0.00684166
03152	0.00552553
03160	0.000268013
03195	5.34573e-05
03234	0.000185572
03259	0.00466932
03268	0.00463762
03284	0.000398666
03297	0.000443365
03302	0.0220933
03323	4.62919e-05
03342	0.00157128
03349	0.000209155
03356	0.000130709
03357	0.00169685
03467	0.000455745
03476	0.00125136
03495	0.000155537
03514	0.00108231
03546	0.000271674
0355A	0.000229339
03569	0.000639122
03581	0.00078968
03585	0.000212544
03617	5.67244e-05
03619	0.000209798
03628	0.000526196
03664	0.000597527
03672	0.00062148
03683	0.00340334
03729	0.000381514
03754	0.000654979
03755	6.68196e-05
03762	0.00692232
03764	0.000758186
03773	0.00028484
03776	0.00400232
03797	0.00155746
03805	0.00277742
03809	0.000225384
03815	0.00230769
03832	0.000137008
03846	0.000897873
03853	0.00195264
03864	0.00201187
03877	0.000335576
03880	4.74102e-05
03920	0.000265887
03944	0.0044828
03961	0.000212012
03967	0.000271265
03981	0.00113972
03982	0.00086321
03983	0.000829096
03988	8.00086e-05
04006	7.89508e-05
04007	0.000149044
04031	0.000386173
0404A	0.000404486
04055	6.28608e-05
04058	0.0154853
04062	5.19809e-05
04071	0.00123603
04090	0.00296303
04119	0.000265708
04149	0.000127256
04170	0.000200539
04177	0.00826732
04194	0.000518193
04209	0.000354646
0423A	5.75518e-05
04274	0.00380273
04300	0.000272457
04308	0.000311571
04333	0.000171983
04347	0.00011243
04362	3.73927e-05
04392	0.000798049
04426	0.000303103
04435	0.000127969
04465	0.00242167
04474	0.0024965
04482	1.18246e-05
04524	0.000292664
04529	0.000144705
04549	0.00103221
04662	0.00381964
04666	4.21424e-05
04676	0.000243951
0467A	3.37596e-05
04689	0.000221693
04703	9.55069e-05
04713	0.00131522
0471A	0.000916884
04762	0.000233805
04779	6.62373e-05
04784	0.00158105
04810	0.000622736
04818	0.000296183
04854	0.0103203
04863	0.00721173
04873	2.09833e-05
04885	0.000280442
04894	4.68236e-05
04897	0.00447717
04907	0.00432805
04911	0.000461661
04913	0.00167239
04918	0.00205792
04922	0.000846405
04940	0.00139825
04966	0.0170653
04971	0.000452714
04987	0.00011728
04994	0.000421894
04998	0.000359984
05005	0.00129491
05008	0.0117208
05020	2.66807e-05
05027	0.00181993
05045	0.000341855
05049	0.000970568
05078	0.0036885
05092	0.00359862
05102	0.000261337
05115	0.000808279
05131	0.000391523
05145	0.00115761
05168	8.24354e-05
05180	7.64027e-06
05183	0.0017334
05189	0.000218793
05198	0.00729633
05215	0.000391853
05244	0.000360748
05282	0.00209812
05285	0.00121941
05316	0.000199467
05349	0.0017029
05369	2.86597e-05
05373	0.00760087
05388	0.000467097
05407	0.000189882
05416	0.00169083
05417	0.000540548
05420	0.000295939
05423	0.000309001
05429	0.000210951
05435	0.00138605
05458	0.00204727
05476	0.000377993
05481	0.0129755
05484	0.000181533
0554A	0.000803656
05556	8.40983e-05
05569	0.0002299
05579	2.64108e-05
05580	0.00231809
05581	3.26054e-05
05624	3.74284e-05
05677	0.00296007
05681	0.00166913
05702	7.02009e-05
05744	0.000263778
05769	0.000388744
05773	0.00147664
05816	0.000175166
05821	0.00240663
0583A	0.000927388
05855	0.00014202
05859	0.000284502
05866	7.70515e-05
05868	0.000842386
05881	0.00177308
05886	0.00111329
05915	3.43007e-05
05920	1.02837e-05
05928	0.000798553
05957	0.00217611
05960	0.000883534
05964	9.22579e-05
05969	0.000749779
05978	0.000486893
05984	0.00295656
06039	2.45941e-05
06106	0.00165119
06135	0.000463159
06154	0.00027925
06172	3.85042e-05
06184	0.000340121
06257	0.000304381
06263	0.000535442
06264	0.0018569
0626A	3.37554e-05
06277	0.00137454
06297	0.000747937
06347	0.00427047
06402	0.000267978
06418	0.00267922
06437	0.00269575
06454	0.000780767
06477	0.000679904
06489	0.00124079
06494	0.00413339
06517	0.00130404
06533	0.00105856
06536	8.89677e-05
06544	0.000396955
06559	0.000173534
06562	0.000287318
06616	0.000877668
06671	0.00043932
06694	0.000507624
06735	6.11601e-05
06737	0.00237263
0673A	0.000297804
06751	0.00127705
06770	0.00413224
06792	0.00101592
06808	0.00226804
06832	0.0182349
06837	0.000293724
06842	0.00065282
06862	0.00289951
06882	0.00029483
06886	0.000440406
06908	0.00081603
06918	0.000116645
06920	0.000812485
06925	0.0303252
06939	0.00114565
06967	0.00221785
06976	0.000303553
06977	0.00014281
07005	9.76262e-05
07017	0.00270177
07045	0.00564939
07079	0.185572
07103	0.00293169
07136	0.000540867
07173	3.39503e-05
07230	0.000149415
07249	0.000513569
07272	0.00368801
07283	0.00558854
07290	6.13884e-05
07311	0.000562523
07321	0.000189359
07379	0.000202098
07393	0.00515007
07416	0.00129528
07429	0.00597666
07433	0.003664
07440	0.000340796
07441	0.000385351
07461	0.0228672
07486	0.00316693
07490	0.000159785
07506	0.00255284
07508	0.000503854
07585	0.000299055
07602	0.000533275
07609	0.00647147
07636	4.28575e-05
07637	0.0309138
07645	0.000285945
07647	0.0012307
07655	0.00754039
07658	0.00113574
07665	0.000103853
07685	0.00401225
07697	0.000745706
07719	0.000524821
07726	0.000669873
07739	0.012623
07772	0.00103518
07786	0.000659362
07790	0.000490567
07816	0.00179314
07845	2.14411e-05
07861	0.000335222
07872	0.00201467
07874	0.000995741
07884	0.000255206
07886	0.000318898
07908	0.00067161
07918	0.000232027
07924	0.00109862
07949	0.000822241
08003	0.00121077
08044	0.00010885
08045	0.00184455
08051	0.00350616
08092	0.000293718
08093	0.00180333
08130	0.000401826
08132	0.00120337
08133	0.00143157
08134	0.000412604
08155	0.000220797
08173	0.00034955
08210	0.000159895
08258	0.00109681
08263	0.00758915
08276	0.000175428
08300	0.00074568
08314	0.00326611
08349	0.000377318
08353	4.88198e-05
08363	0.000507673
08370	0.0010139
08376	0.000769712
08427	0.000138273
08451	0.000824948
08453	0.000438692
08482	0.000360278
08539	0.000497759
08594	0.00440087
08676	0.00111064
08686	6.46641e-05
08712	0.00149774
08747	0.000612963
08772	0.000131143
08773	0.000237534
08780	0.00125391
08826	0.00200482
08828	0.000243587
08846	0.000173062
08848	0.00168968
08854	0.00204581
08858	0.000111623
08860	8.24966e-06
08888	0.000543854
08890	6.11865e-05
08913	0.00152219
08964	0.00922197
09010	0.000163208
09021	0.000192739
09033	0.00154704
09055	0.000719624
09072	0.000439884
09085	0.000418486
09182	1.59791e-05
0918A	2.83941e-05
09215	0.0018383
09217	0.000277955
09220	8.88131e-05
09221	4.19145e-05
09226	0.00102653
09232	0.00143633
09237	2.95582e-05
09263	0.000168162
09265	0.0015305
09268	0.00177639
09278	0.000317682
09283	0.000114129
09284	0.000558522
09302	9.17484e-05
09313	0.000560393
09323	0.0031231
09335	0.00239577
09345	9.53889e-05
09350	0.000342124
09357	0.00513778
09360	0.00214629
09370	6.74727e-05
09417	0.00109329
09479	0.000173763
09486	0.00503619
09503	0.00687394
09514	5.19346e-05
09534	0.0161348
09545	0.00193564
09547	3.9933e-05
09574	0.000879095
09581	0.000356698
09582	4.64086e-05
09595	0.000501769
09597	0.000111249
09599	0.000793265
09629	0.00105151
09658	9.96388e-05
09693	0.00109981
09730	0.00027752
09738	0.00374572
09788	0.000669895
09789	9.15259e-05
09803	0.000158569
09829	0.00103971
09837	0.000744381
09838	0.000127218
09881	0.000417861
09883	0.00495538
09906	0.000349101
09918	0.00026851
09932	0.000597394
09934	0.000291153
09982	5.67084e-05
09986	9.22281e-05
