# format = weight
# date = 20240930
01346	0.000312277
01356	0.000222375
01361	0.00227845
01362	0.00322379
0137A	0.000620742
01384	0.000421934
01419	0.000317677
01454	0.000472049
01482	0.000902865
01488	0.000661033
01489	0.00101445
0148A	0.00246849
01492	5.67017e-05
01514	0.000633127
01515	3.37335e-05
01555	0.000204964
01572	0.00223923
01587	0.000707595
01607	0.00016245
01616	0.000636858
01649	0.000467504
01659	0.0022361
01729	0.000104352
01780	2.6065e-05
01783	0.0260793
01821	0.000111183
01846	0.000335225
01855	3.29082e-05
01875	0.00173147
01876	0.000149268
01926	0.000793403
01953	0.000333805
01961	0.000879093
01999	0.000422806
02007	0.00146143
02022	0.000276888
02025	0.000323938
02029	0.000283781
02047	0.00270998
02051	4.67199e-05
02066	0.00175835
02071	0.000342437
02092	0.000201556
02098	3.04683e-05
02103	0.00179956
02104	0.00273689
02167	1.77005e-05
02180	0.000304071
02185	0.000921009
02210	0.000394266
02216	0.000889492
02239	0.00295031
02244	0.000314716
02281	9.51617e-05
02282	0.000446473
02284	0.000373548
02325	6.91586e-05
02340	6.28827e-05
02343	0.000185681
02344	0.00144309
02345	0.00449738
02359	9.43633e-05
02421	0.000239079
02425	0.00255334
02432	0.000109195
02449	0.000203569
02452	0.000199417
02482	8.5954e-05
02494	0.000670428
02511	0.000163835
02562	4.70117e-05
02563	0.00272667
02572	0.000514317
02585	0.0012295
02605	0.00560535
02618	6.90413e-05
02630	0.000529695
02638	0.00027456
02649	0.000298607
02654	0.000597697
02681	0.000119703
02684	0.000144035
02725	0.000101899
02730	0.000424812
02732	0.00185469
02768	0.000162494
02776	0.000746836
02787	0.000601002
02802	0.00029482
02813	0.0106435
02826	0.000980441
0283A	0.000815456
02859	0.000801113
02891	0.000863161
02938	0.000140312
02962	0.00702373
0296A	0.004212
02973	1.77202e-05
02988	0.000214076
02989	0.000719122
03007	0.000126664
03015	0.000449424
03073	0.00703032
03152	0.00567789
03160	0.000275403
03195	5.49313e-05
03234	0.000190689
03244	0.00108323
03259	0.00479808
03268	0.0047655
03281	0.000960066
03284	0.000409659
03323	4.75684e-05
03342	0.00161461
03349	0.000214922
03356	0.000134313
03357	0.00174364
03438	0.0021153
03455	0.00102658
03476	0.00128587
03495	0.000159826
03514	0.00111216
03546	0.000279165
03558	0.000243636
0355A	0.000235663
03569	0.000656746
03581	0.000811456
03585	0.000218405
03619	0.000215583
03628	0.000540706
03664	0.000614003
03672	0.000638617
03690	0.00397052
03696	7.89727e-05
03729	0.000392034
03754	0.00067304
03755	6.86621e-05
03762	0.00711321
03764	0.000779093
03773	0.000292694
03776	0.00411268
03797	0.00160041
03805	0.00285401
03809	0.000231599
03815	0.00237133
03832	0.000140786
03846	0.000922632
03853	0.00200648
03864	0.00206735
03877	0.00034483
03944	0.00460641
03961	0.000217858
03962	0.000905039
03967	0.000278745
03981	0.00117115
03982	0.000887013
03983	0.000851958
04006	8.11278e-05
04007	0.000153154
0404A	0.00041564
04055	6.45941e-05
04058	0.0159123
04062	5.34143e-05
04071	0.00127012
04090	0.00304474
04119	0.000273035
04149	0.000130765
04177	0.0084953
0419A	0.000340217
04209	0.000364425
0423A	5.91387e-05
04300	0.00027997
04308	0.000320163
04319	0.000382889
04333	0.000176725
04347	0.00011553
04362	3.84238e-05
04392	0.000820055
04426	0.000311461
04474	0.00256535
04482	1.21506e-05
04524	0.000300734
04529	0.000148696
04549	0.00106067
04578	0.000366858
04662	0.00392496
04666	4.33045e-05
04676	0.000250678
0467A	3.46905e-05
04689	0.000227806
04703	9.81405e-05
04713	0.00135148
0471A	0.000942167
04762	0.000240253
04779	6.80638e-05
04784	0.00162464
04810	0.000639908
04818	0.00030435
04854	0.0106048
04863	0.00741059
04865	0.000794884
04873	2.15619e-05
04885	0.000288175
04894	4.81147e-05
04897	0.00460063
04907	0.00444739
04911	0.000474392
04913	0.00171851
04918	0.00211466
04922	0.000869745
04940	0.00143681
04971	0.000465197
04987	0.000120514
04994	0.000433527
04998	0.00036991
05008	0.012044
05011	0.00080245
05020	2.74164e-05
05027	0.00187012
05045	0.000351282
05049	0.000997331
05078	0.00379021
05092	0.00369785
05102	0.000268543
05108	0.00268378
05115	0.000830567
05145	0.00118954
05168	8.47086e-05
05183	0.0017812
05189	0.000224826
05198	0.00749753
05222	4.0111e-05
05244	0.000370696
05282	0.00215597
05316	0.000204968
05369	2.945e-05
05373	0.00781047
05407	0.000195118
05416	0.00173746
05417	0.000555454
05420	0.0003041
05423	0.000317521
05429	0.000216768
05435	0.00142427
05458	0.00210373
05463	0.000899127
05476	0.000388416
05484	0.000186539
0554A	0.000825816
05556	8.64173e-05
05569	0.000236239
05579	2.71391e-05
05580	0.00238201
05581	3.35045e-05
05624	3.84605e-05
05654	0.000872452
05659	0.0050368
05677	0.0030417
05681	0.00171515
05702	7.21366e-05
05744	0.000271052
05764	2.07833e-05
05769	0.000399463
05773	0.00151736
05816	0.000179997
05821	0.002473
0583A	0.000952961
05855	0.000145937
05859	0.000292348
05866	7.91762e-05
05873	0.00245506
05874	0.000209592
05881	0.00182198
05886	0.00114399
05915	3.52466e-05
05920	1.05673e-05
05957	0.00223611
05960	0.000907897
05964	9.48019e-05
05969	0.000770454
05978	0.000500319
05984	0.00303809
05988	0.000144986
06039	2.52722e-05
06061	0.00479785
06106	0.00169672
06154	0.00028695
06184	0.0003495
06224	0.00627304
06257	0.000312775
06263	0.000550207
06264	0.00190811
06277	0.00141245
06347	0.00438822
06402	0.000275368
06418	0.00275309
06423	8.00478e-05
06435	0.000241011
06437	0.00277008
06466	0.000866452
06477	0.000698652
06489	0.001275
06494	0.00424737
06517	0.00134
06533	0.00108775
06536	9.1421e-05
06538	9.34117e-05
06544	0.000407901
06559	0.00017832
06562	0.00029524
06616	0.00090187
06671	0.000451434
06694	0.000521622
0671A	0.00282914
06735	6.28466e-05
06737	0.00243806
0673A	0.000306016
06751	0.00131226
06770	0.00424618
06777	0.000661592
06792	0.00104393
06801	0.00189646
06808	0.00233058
06832	0.0187378
06842	0.000670822
06862	0.00297947
06882	0.00030296
06886	0.000452551
06908	0.000838532
06914	0.000460543
06918	0.000119862
06920	0.000834889
06925	0.0311614
06939	0.00117724
06967	0.00227901
06976	0.000311924
06977	0.000146748
06981	0.000484695
07017	0.00277627
07079	0.190689
07081	8.08974e-05
07084	0.000783462
07103	0.00301253
07123	7.38931e-05
07136	0.000555781
07173	3.48865e-05
07201	6.20844e-05
07230	0.000153535
07249	0.00052773
07272	0.0037897
07283	0.00574265
07290	6.30812e-05
07311	0.000578034
07321	0.000194581
07379	0.000207671
07393	0.00529209
07429	0.00614146
07433	0.00376504
07441	0.000395978
07461	0.0234978
07486	0.00325426
07490	0.000164191
07508	0.000517748
07558	0.0111454
07619	0.000289485
07636	4.40393e-05
07637	0.0317663
07642	0.0207055
07645	0.00029383
07647	0.00126464
07655	0.00774832
07658	0.00116706
07665	0.000106717
07685	0.00412289
07697	0.000766269
07719	0.000539292
07726	0.000688345
07739	0.0129711
07772	0.00106372
07786	0.000677544
07788	0.000639403
07790	0.000504095
07816	0.00184258
07861	0.000344466
07872	0.00207022
07874	0.0010232
07884	0.000262243
07886	0.000327691
07908	0.00069013
07924	0.00112892
07949	0.000844914
08003	0.00124416
08044	0.000111851
08045	0.00189542
08051	0.00360284
08093	0.00185305
08132	0.00123656
08133	0.00147105
08134	0.000423982
08155	0.000226885
08173	0.000359189
08178	0.00175641
08210	0.000164304
08212	0.00027314
08258	0.00112705
08263	0.00779842
08276	0.000180266
08300	0.000766242
08314	0.00335617
08349	0.000387723
08353	5.0166e-05
08363	0.000521672
08370	0.00104186
08376	0.000790937
08427	0.000142086
08434	0.0215051
08451	0.000847696
08453	0.000450789
08471	0.00047569
08499	0.000653392
08512	5.31284e-05
08539	0.000511485
0853A	0.000530398
08558	0.000146615
08594	0.00452222
08676	0.00114127
08687	0.000225544
08712	0.00153905
08747	0.000629866
08772	0.000134759
08773	0.000244084
08780	0.00128849
08826	0.0020601
08828	0.000250304
08846	0.000177834
08848	0.00173628
08854	0.00210222
08858	0.000114701
08860	8.47714e-06
08879	0.00019579
08888	0.000558851
08890	6.28737e-05
09010	0.000167709
09033	0.00158969
09055	0.000739467
09072	0.000452013
09085	0.000430025
09182	1.64197e-05
0918A	2.9177e-05
09215	0.00188899
09217	0.00028562
09220	9.12621e-05
09221	4.30703e-05
09225	0.000155776
09226	0.00105484
09232	0.00147594
09237	3.03733e-05
09263	0.000172799
09265	0.0015727
09268	0.00182537
09278	0.000326442
09284	0.000573923
09302	9.42783e-05
09323	0.00320922
09345	9.80192e-05
09350	0.000351558
09357	0.00527945
09370	6.93333e-05
09417	0.00112344
09444	0.000299712
09479	0.000178554
09486	0.00517507
09503	0.00706349
09534	0.0165797
09545	0.00198902
09574	0.000903337
09581	0.000366534
09582	4.76883e-05
09595	0.000515605
09597	0.000114316
09599	0.000815139
09629	0.0010805
09658	0.000102386
09710	0.000196154
09730	0.000285173
09738	0.00384901
09766	2.45103e-05
09789	9.40497e-05
09803	0.000162942
09829	0.00106838
09837	0.000764908
09838	0.000130726
0987A	6.73729e-05
09881	0.000429384
09883	0.00509202
09886	0.00016313
09896	0.00147135
09906	0.000358728
09932	0.000613867
09934	0.000299181
09951	0.0007247
09982	5.82722e-05
09986	9.47713e-05
