# format = weight
# date = 20251231
01346	0.000303245
01356	0.000215942
01361	0.00221255
01362	0.00313055
0137A	0.000602787
01384	0.00040973
01419	0.000308488
01454	0.000458395
01464	0.000229889
01482	0.00087675
01488	0.000641913
01489	0.000985105
01492	5.50616e-05
01514	0.000614814
01515	3.27578e-05
01555	0.000199036
01572	0.00217446
01587	0.000687128
01607	0.000157751
01649	0.000453982
01659	0.00217142
01678	0.00104305
01681	0.000553066
01682	0.00255092
01729	0.000101334
01763	0.000244673
01780	2.53111e-05
01821	0.000107967
01846	0.000325529
01855	3.19563e-05
01875	0.00168139
01926	0.000770454
01953	0.00032415
01993	0.000222201
01995	0.0101084
02025	0.000314569
02029	0.000275572
02047	0.00263159
02048	0.000246283
02051	4.53685e-05
02066	0.00170749
02071	0.000332533
02098	2.9587e-05
02167	1.71885e-05
02180	0.000295276
02185	0.000894369
0219A	0.000543705
02209	0.000477713
02210	0.000382862
02216	0.000863764
02239	0.00286497
02244	0.000305613
02281	9.24091e-05
02282	0.000433559
02284	0.000362744
02300	0.00173829
02303	0.00194185
02325	6.71582e-05
02343	0.00018031
02344	0.00140135
02345	0.0043673
02359	9.16338e-05
02364	0.00027599
02421	0.000232164
02425	0.00247949
02432	0.000106037
02449	0.000197681
02473	0.000401505
02482	8.34678e-05
02494	0.000651036
02505	0.000655126
02527	0.000700925
02544	6.06756e-05
02563	0.0026478
02571	0.00207998
02572	0.00049944
02585	0.00119394
02605	0.00544322
02618	6.70443e-05
02638	0.000266618
02649	0.00028997
02654	0.000580409
02681	0.00011624
02684	0.000139869
02694	0.000338771
02725	9.89516e-05
02730	0.000412525
02732	0.00180105
02768	0.000157793
02776	0.000725234
02787	0.000583618
02802	0.000286292
02813	0.0103356
02826	0.000952082
02831	0.000173844
0283A	0.000791869
02852	0.000918094
02859	0.000777941
02876	0.0016742
02891	0.000838194
02938	0.000136253
02944	0.00142166
02962	0.00682057
0296A	0.00409017
02988	0.000207884
02989	0.000698322
03007	0.000123
03015	0.000436425
03073	0.00682697
03152	0.00551366
03195	5.33425e-05
03234	0.000185173
03268	0.00462766
03281	0.000932296
03297	0.000442413
03302	0.0220459
03323	4.61925e-05
03342	0.00156791
03357	0.00169321
03438	0.00205411
03467	0.000454767
03476	0.00124868
03495	0.000155203
03514	0.00107999
03531	0.000121085
03546	0.00027109
03558	0.000236589
0355A	0.000228846
03569	0.000637749
03581	0.000787985
03585	0.000212088
03617	5.66026e-05
03619	0.000209347
03664	0.000596243
03672	0.000620145
03683	0.00339604
03690	0.00385567
03696	7.66884e-05
03729	0.000380695
03754	0.000653573
03755	6.66761e-05
03762	0.00690746
03764	0.000756558
03776	0.00399372
03797	0.00155412
03805	0.00277145
03815	0.00230274
03832	0.000136714
03846	0.000895945
03864	0.00200755
03880	4.73084e-05
03920	0.000265316
03944	0.00447317
03961	0.000211557
03962	0.000878861
03967	0.000270682
03981	0.00113728
03982	0.000861356
03983	0.000827315
03988	7.98368e-05
04006	7.87812e-05
04007	0.000148724
04031	0.000385344
0404A	0.000403618
04055	6.27258e-05
04058	0.015452
04062	5.18693e-05
04071	0.00123338
04090	0.00295667
04119	0.000265138
04149	0.000126982
04170	0.000200109
04177	0.00824957
04194	0.00051708
0419A	0.000330376
04209	0.000353884
0423A	5.74282e-05
04274	0.00379457
04300	0.000271872
04308	0.000310902
04319	0.000371814
04347	0.000112188
04362	3.73124e-05
04392	0.000796335
04426	0.000302452
04435	0.000127695
04474	0.00249114
04482	1.17992e-05
04524	0.000292036
04529	0.000144395
04549	0.00102999
04578	0.000356246
04662	0.00381143
04666	4.20519e-05
04676	0.000243427
0467A	3.36871e-05
04689	0.000221217
04703	9.53018e-05
04713	0.00131239
0471A	0.000914915
04762	0.000233303
04779	6.60951e-05
04784	0.00157765
04854	0.0102981
04863	0.00719624
04865	0.000771892
04885	0.000279839
04894	4.6723e-05
04907	0.00431875
04911	0.00046067
04913	0.0016688
04918	0.0020535
04922	0.000844588
04966	0.0170287
04971	0.000451742
04987	0.000117028
05005	0.00129213
05008	0.0116956
05020	2.66234e-05
05027	0.00181603
05045	0.000341121
05049	0.000968484
05078	0.00368058
05092	0.00359089
05102	0.000260775
05108	0.00260615
05131	0.000390682
05145	0.00115513
05168	8.22584e-05
05180	7.62386e-06
05183	0.00172967
05189	0.000218323
05215	0.000391011
05222	3.89508e-05
05244	0.000359973
05282	0.00209361
05284	0.000163778
05285	0.0012168
05316	0.000199039
05349	0.00169924
05369	2.85982e-05
05373	0.00758455
05407	0.000189474
05416	0.0016872
05417	0.000539388
05420	0.000295304
05423	0.000308337
05429	0.000210498
05435	0.00138307
05458	0.00204288
05463	0.00087312
05476	0.000377181
05481	0.0129476
05484	0.000181143
0554A	0.00080193
05556	8.39177e-05
05569	0.000229406
05579	2.63541e-05
05580	0.00231311
05581	3.25354e-05
05624	3.73481e-05
05654	0.000847216
05659	0.00489112
05677	0.00295372
05681	0.00166554
05702	7.00501e-05
0572A	0.00149183
05744	0.000263212
05764	2.01822e-05
05769	0.000387909
05773	0.00147347
05816	0.00017479
05821	0.00240146
05855	0.000141715
05866	7.6886e-05
05873	0.00238405
05886	0.0011109
05910	0.000357508
05915	3.42271e-05
05920	1.02617e-05
05928	0.000796838
05957	0.00217143
05960	0.000881637
05964	9.20598e-05
05969	0.000748169
05978	0.000485847
05984	0.00295021
06039	2.45412e-05
06061	0.00465907
06106	0.00164765
06154	0.00027865
06184	0.00033939
06224	0.0060916
06263	0.000534293
06264	0.00185291
0626A	3.36829e-05
06277	0.00137159
06297	0.000746331
06347	0.0042613
06402	0.000267403
06418	0.00267346
06435	0.00023404
06437	0.00268996
06454	0.000779091
06466	0.00084139
06477	0.000678444
06489	0.00123812
06494	0.00412452
06517	0.00130124
06536	8.87767e-05
06538	9.07098e-05
06544	0.000396103
06559	0.000173162
06616	0.000875784
06671	0.000438377
06694	0.000506534
0671A	0.00274731
06735	6.10288e-05
06737	0.00236754
0673A	0.000297165
06751	0.00127431
06770	0.00412336
06777	0.000642455
06792	0.00101374
06801	0.0018416
06808	0.00226317
06837	0.000293093
06842	0.000651419
06862	0.00289329
06882	0.000294197
06908	0.000814278
06914	0.000447222
06918	0.000116395
06920	0.00081074
06925	0.0302601
06939	0.00114319
06967	0.00221309
06976	0.000302901
06977	0.000142504
06981	0.000470676
07005	9.74166e-05
07017	0.00269597
07045	0.00563726
07079	0.185173
07081	7.85574e-05
07084	0.000760801
07103	0.0029254
07123	7.17557e-05
07136	0.000539705
07173	3.38774e-05
07249	0.000512466
07272	0.00368009
07283	0.00557654
07290	6.12566e-05
07379	0.000201664
07393	0.00513901
07416	0.0012925
07429	0.00596382
07433	0.00365613
07440	0.000340064
07441	0.000384524
07461	0.0228181
07486	0.00316013
07490	0.000159442
07508	0.000502772
07558	0.010823
07585	0.000298412
07602	0.00053213
07609	0.00645757
07619	0.000281112
07642	0.0201066
07645	0.000285331
07647	0.00122806
07655	0.0075242
07658	0.0011333
07663	6.39475e-05
07665	0.00010363
07685	0.00400363
07694	0.000204491
07697	0.000744105
07719	0.000523694
07726	0.000668435
07739	0.0125959
07772	0.00103295
07786	0.000657946
07788	0.000620909
07816	0.00178929
07845	2.1395e-05
07853	0.000979273
07861	0.000334502
07872	0.00201034
07884	0.000254658
07886	0.000318213
07908	0.000670168
07924	0.00109626
07949	0.000820475
08003	0.00120817
08044	0.000108616
08045	0.00184059
08049	6.82813e-05
08051	0.00349863
08092	0.000293087
08093	0.00179945
08130	0.000400963
08132	0.00120079
08145	0.0258509
08155	0.000220323
08173	0.000348799
08178	0.0017056
08210	0.000159552
08212	0.00026524
08258	0.00109445
08263	0.00757285
08276	0.000175052
08300	0.000744079
08314	0.0032591
08349	0.000376508
08353	4.8715e-05
08363	0.000506583
08370	0.00101172
08376	0.000768059
08427	0.000137977
08434	0.0208831
08451	0.000823177
08471	0.000461931
08482	0.000359504
08499	0.000634492
08512	5.15917e-05
08539	0.00049669
08558	0.000142375
08580	0.00131269
08594	0.00439142
08676	0.00110826
08686	6.45252e-05
08712	0.00149453
08747	0.000611647
08773	0.000237024
08780	0.00125122
08828	0.000243064
08846	0.00017269
08848	0.00168605
08858	0.000111383
08860	8.23195e-06
08879	0.000190127
08888	0.000542686
08892	0.000596648
08913	0.00151892
08964	0.00920217
09010	0.000162858
09021	0.000192325
09055	0.000718078
09072	0.000438939
09182	1.59448e-05
0918A	2.83331e-05
09215	0.00183435
09217	0.000277359
09220	8.86224e-05
09221	4.18245e-05
09225	0.00015127
09232	0.00143325
09237	2.94948e-05
09263	0.000167801
09265	0.00152721
09268	0.00177258
09278	0.000317
09284	0.000557322
09302	9.15514e-05
09323	0.00311639
09335	0.00239062
09345	9.51841e-05
09350	0.000341389
09357	0.00512675
09360	0.00214168
09370	6.73278e-05
09417	0.00109094
09444	0.000291042
09479	0.00017339
09486	0.00502538
09503	0.00685918
09514	5.1823e-05
09529	0.00205578
09534	0.0161002
09545	0.00193149
09547	3.98472e-05
09574	0.000877208
09582	4.63089e-05
09595	0.000500692
09597	0.00011101
09599	0.000791561
09629	0.00104925
09693	0.00109745
09710	0.00019048
09730	0.000276924
09738	0.00373768
09766	2.38013e-05
09788	0.000668456
09789	9.13294e-05
09829	0.00103748
09838	0.000126945
0987A	6.54242e-05
09883	0.00494474
09886	0.000158412
09932	0.000596111
09934	0.000290528
09951	0.000703739
09982	5.65867e-05
09986	9.20301e-05
