# format = weight
# date = 20250131
01346	0.000284411
01362	0.00293611
0137A	0.000565348
01384	0.000384282
01419	0.000289328
01454	0.000429925
01464	0.00021561
01482	0.000822296
01484	0.00013095
01489	0.000923921
0148A	0.00224821
01492	5.16418e-05
01514	0.000576628
01515	3.07232e-05
01555	0.000186674
01572	0.00203941
01587	0.000644451
01607	0.000147953
01616	0.000580026
01649	0.000425786
01659	0.00203655
01681	0.000518716
01682	0.00239249
01763	0.000229477
01780	2.3739e-05
01783	0.0237521
01846	0.000305311
01855	2.99715e-05
01876	0.000135947
01926	0.000722602
01953	0.000304017
01961	0.000800645
01993	0.0002084
01995	0.00948062
01999	0.000385076
02007	0.00133101
02025	0.000295031
02029	0.000258457
02047	0.00246814
02048	0.000230986
02051	4.25507e-05
02066	0.00160144
02071	0.000311879
02092	0.00018357
02098	2.77494e-05
02103	0.00163897
02104	0.00249266
02180	0.000276936
02185	0.00083882
0219A	0.000509936
02209	0.000448042
02210	0.000359083
02216	0.000810116
02239	0.00268703
02244	0.000286631
02281	8.66697e-05
02282	0.000406631
02284	0.000340214
02300	0.00163033
02303	0.00182124
02325	6.2987e-05
02340	5.72712e-05
02344	0.00131431
02345	0.00409605
02359	8.59425e-05
02364	0.000258848
02365	5.65063e-05
02421	0.000217744
02425	0.00232549
02432	9.94507e-05
02449	0.000185403
02452	0.000181621
02473	0.000376567
02482	7.82837e-05
02505	0.000614437
02511	0.000149214
02527	0.000657391
02544	5.69071e-05
02562	4.28165e-05
02565	0.000119233
02571	0.00195079
02572	0.000468421
02585	0.00111978
02605	0.00510514
02618	6.28802e-05
02630	0.000482427
02638	0.000250059
02654	0.00054436
02681	0.000109021
02684	0.000131182
02694	0.000317731
02725	9.28058e-05
02730	0.000386903
02732	0.00168918
02768	0.000147993
02776	0.00068019
02787	0.00054737
02802	0.000268511
02813	0.00969368
02826	0.000892949
0283A	0.000742687
02852	0.000861072
02859	0.000729624
02876	0.00157022
02891	0.000786134
02938	0.000127791
02944	0.00133336
02962	0.00639695
0296A	0.00383613
02973	1.61389e-05
02988	0.000194973
02989	0.000654949
03007	0.000115361
03015	0.000409319
03073	0.00640295
03152	0.00517121
03160	0.000250827
03195	5.00294e-05
03234	0.000173672
03244	0.000986563
03259	0.00436991
03281	0.000874392
03284	0.000373102
03297	0.000414935
03302	0.0206766
03323	4.33236e-05
03342	0.00147053
03356	0.000122327
03438	0.00192653
03455	0.000934969
03476	0.00117112
03495	0.000145564
03514	0.00101291
03531	0.000113565
03546	0.000254253
0355A	0.000214633
03569	0.000598139
03581	0.000739044
03585	0.000198915
03617	5.3087e-05
03619	0.000196345
03664	0.000559211
03669	0.000236573
03672	0.000581628
03683	0.00318511
03690	0.0036162
03729	0.00035705
03754	0.00061298
03755	6.25349e-05
03762	0.00647844
03764	0.000709568
03776	0.00374568
03797	0.00145759
03805	0.00259932
03809	0.000210931
03815	0.00215971
03832	0.000128222
03846	0.000840299
03853	0.00182743
03864	0.00188286
03880	4.43701e-05
03920	0.000248837
03944	0.00419534
03962	0.000824276
03967	0.00025387
03981	0.00106664
03982	0.000807858
03983	0.000775932
03988	7.48782e-05
04007	0.000139487
04031	0.000361411
0404A	0.000378549
04055	5.88299e-05
04058	0.0144923
04062	4.86477e-05
04071	0.00115677
04090	0.00277303
04119	0.00024867
04149	0.000119096
04170	0.00018768
04177	0.0077372
04194	0.000484965
0419A	0.000309857
04209	0.000331905
0423A	5.38614e-05
04300	0.000254986
04308	0.000291592
04319	0.000348721
04333	0.000160955
04347	0.00010522
04362	3.4995e-05
04392	0.000746875
04426	0.000283667
04435	0.000119764
04465	0.00226639
04474	0.00233642
04482	1.10663e-05
04524	0.000273898
04529	0.000135426
04549	0.000966022
04578	0.00033412
04662	0.00357471
04666	3.94401e-05
04676	0.000228308
0467A	3.15948e-05
04689	0.000207477
04762	0.000218813
04779	6.199e-05
04810	0.000582804
04818	0.000277191
04854	0.00965849
04863	0.00674929
04873	1.96378e-05
04885	0.000262459
04894	4.38211e-05
04897	0.00419008
04907	0.00405052
04911	0.000432058
04913	0.00156515
04918	0.00192596
04922	0.000792131
04940	0.00130859
04966	0.0159711
04971	0.000423684
04987	0.00010976
04994	0.000394841
04998	0.0003369
05005	0.00121188
05008	0.0109692
05011	0.000730842
05012	0.00469723
05020	2.49698e-05
05027	0.00170323
05045	0.000319935
05049	0.000908332
05078	0.00345198
05092	0.00336786
05108	0.00244429
05115	0.00075645
05131	0.000366417
05168	7.71494e-05
05180	7.15035e-06
05183	0.00162225
05189	0.000204763
05198	0.00682847
05244	0.000337616
05282	0.00196358
05284	0.000153606
05285	0.00114122
05316	0.000186677
05349	0.0015937
05369	2.6822e-05
05373	0.00711348
05388	0.000437146
05407	0.000177706
05417	0.000505887
05420	0.000276963
05423	0.000289186
05429	0.000197425
05435	0.00129717
05458	0.001916
05463	0.000818892
05476	0.000353755
05481	0.0121434
05484	0.000169892
0554A	0.000752123
05569	0.000215158
05579	2.47173e-05
05580	0.00216945
05581	3.05146e-05
05624	3.50284e-05
05659	0.00458733
05677	0.00277026
05681	0.0015621
0572A	0.00139918
05744	0.000246864
05764	1.89287e-05
05769	0.000363816
05773	0.00138196
05816	0.000163934
0583A	0.000867921
05855	0.000132914
05859	0.000266259
05866	7.21107e-05
05868	0.000788369
05873	0.00223598
05886	0.0010419
05910	0.000335304
05915	3.21012e-05
05920	9.62432e-06
05957	0.00203657
05960	0.000826879
05969	0.0007017
05978	0.000455672
05984	0.00276698
05988	0.000132048
06039	2.3017e-05
06061	0.0043697
06106	0.00154531
06135	0.00043346
06154	0.000261344
06172	3.60352e-05
06184	0.000318311
06224	0.00571325
06257	0.000284864
06263	0.000501108
06264	0.00173783
0626A	3.15909e-05
06277	0.0012864
06297	0.000699977
06347	0.00399663
06402	0.000250795
06418	0.00250742
06423	7.29045e-05
06435	0.000219504
06437	0.00252289
06466	0.000789132
06477	0.000636307
06489	0.00116122
06494	0.00386835
06517	0.00122042
06533	0.000990685
06536	8.32629e-05
06538	8.50759e-05
06544	0.000371501
06559	0.000162407
06562	0.000268894
06616	0.00082139
06671	0.000411149
06694	0.000475074
0671A	0.00257668
06735	5.72383e-05
06737	0.00222049
0673A	0.000278708
06751	0.00119516
06770	0.00386727
06777	0.000602553
06792	0.000950773
06801	0.00172722
06808	0.00212261
06832	0.0170657
06837	0.000274889
06886	0.000412166
06908	0.000763704
06914	0.000419445
06918	0.000109166
06925	0.0283806
06939	0.00107219
06967	0.00207563
06976	0.000284089
07005	9.13661e-05
07017	0.00252852
07045	0.00528714
07079	0.173672
07081	7.36783e-05
07084	0.000713548
07103	0.0027437
07123	6.7299e-05
07136	0.000506185
07173	3.17733e-05
07201	5.65441e-05
07230	0.000139834
07249	0.000480637
07283	0.00523019
07290	5.7452e-05
07311	0.000526452
07321	0.000177217
07379	0.000189139
07393	0.00481983
07416	0.00121223
07429	0.00559342
07433	0.00342905
07441	0.000360642
07461	0.0214009
07490	0.000149539
07506	0.00238914
07558	0.0101508
07585	0.000279878
07609	0.0060565
07619	0.000263652
07637	0.0289316
07642	0.0188578
07645	0.000267609
07647	0.00115178
07655	0.00705688
07663	5.99758e-05
07665	9.71937e-05
07685	0.00375497
07697	0.000697889
07719	0.000491167
07726	0.000626919
07739	0.0118136
07772	0.000968798
07786	0.000617082
07788	0.000582345
07790	0.000459111
07816	0.00167816
07845	2.00662e-05
07853	0.000918451
07861	0.000313726
07872	0.00188548
07874	0.000931891
07884	0.000238842
07886	0.000298449
07908	0.000628545
07924	0.00102817
07949	0.000769516
08003	0.00113313
08044	0.00010187
08045	0.00172628
08049	6.40404e-05
08051	0.00328133
08092	0.000274884
08093	0.00168769
08130	0.00037606
08132	0.00112621
08133	0.00133978
08145	0.0242453
08155	0.000206639
08173	0.000327136
08178	0.00159967
08210	0.000149642
08212	0.000248766
08258	0.00102648
08263	0.00710251
08276	0.000164179
08300	0.000697865
08314	0.00305668
08349	0.000353123
08353	4.56893e-05
08363	0.00047512
08370	0.000948886
08376	0.000720356
08427	0.000129407
08451	0.00077205
08453	0.000410562
08482	0.000337176
08512	4.83874e-05
08539	0.000465841
08594	0.00411867
08686	6.05176e-05
08747	0.000573658
08772	0.000122734
08773	0.000222302
08780	0.00117351
08826	0.00187626
08828	0.000227968
08846	0.000161964
08848	0.00158134
08854	0.00191462
08858	0.000104466
08860	7.72067e-06
08879	0.000178318
08888	0.000508981
08890	5.7263e-05
08892	0.000559591
08913	0.00142458
08964	0.00863063
09010	0.000152743
09021	0.00018038
09033	0.00144783
09055	0.000673479
09072	0.000411677
09085	0.000391651
09182	1.49545e-05
0918A	2.65734e-05
09215	0.00172042
09217	0.000260132
09220	8.31181e-05
09221	3.92268e-05
09225	0.000141875
09226	0.000960706
09232	0.00134423
09237	2.76629e-05
09263	0.000157379
09265	0.00143236
09268	0.00166248
09283	0.000106811
09284	0.000522708
09302	8.58652e-05
09313	0.000524459
09323	0.00292284
09335	0.00224214
09345	8.92723e-05
09350	0.000320186
09357	0.00480833
09360	0.00200866
09370	6.31462e-05
09417	0.00102319
09444	0.000272966
09479	0.000162621
09486	0.00471326
09503	0.00643316
09514	4.86044e-05
09529	0.0019281
09534	0.0151002
09545	0.00181152
09547	3.73724e-05
09574	0.000822725
09581	0.000333825
09582	4.34327e-05
09597	0.000104115
09629	0.000984082
09658	9.32497e-05
09693	0.00102929
09730	0.000259725
09738	0.00350554
09766	2.2323e-05
09788	0.000626939
09789	8.5657e-05
09803	0.000148401
09829	0.000973041
09837	0.000696649
09838	0.00011906
0987A	6.13608e-05
09881	0.000391067
09883	0.00463762
09886	0.000148573
09896	0.00134005
09906	0.000326716
09918	0.000251292
09932	0.000559087
09934	0.000272483
09982	5.30721e-05
09986	8.63142e-05
