# format = weight
# date = 20250630
01346	0.000308562
01356	0.000219729
01361	0.00225134
01362	0.00318544
0137A	0.000613356
01384	0.000416914
01419	0.000313897
01454	0.000466432
01464	0.000233919
01482	0.000892123
01484	0.00014207
01488	0.000653168
01489	0.00100238
01492	5.60271e-05
01515	3.33321e-05
01555	0.000202526
01572	0.00221259
01587	0.000699176
01607	0.000160517
01616	0.00062928
01649	0.000461942
01659	0.00220949
01678	0.00106134
01681	0.000562763
01682	0.00259565
01780	2.57549e-05
01783	0.025769
01821	0.00010986
01846	0.000331237
01855	3.25166e-05
01875	0.00171087
01876	0.000147492
01926	0.000783963
01953	0.000329834
01961	0.000868633
01993	0.000226097
01995	0.0102857
02007	0.00144404
02022	0.000273594
02025	0.000320084
02029	0.000280404
02047	0.00267773
02048	0.000250601
02051	4.6164e-05
02066	0.00173743
02071	0.000338363
02092	0.000199158
02103	0.00177815
02104	0.00270432
02167	1.74899e-05
0219A	0.000553238
02209	0.000486089
02216	0.000878909
02239	0.00291521
02244	0.000310971
02281	9.40294e-05
02282	0.000441161
02284	0.000369104
02300	0.00176877
02303	0.00197589
02325	6.83357e-05
02340	6.21345e-05
02343	0.000183471
02344	0.00142592
02345	0.00444387
02364	0.000280829
02365	6.13047e-05
02421	0.000236234
02432	0.000107896
02449	0.000201147
02452	0.000197044
02473	0.000408544
02482	8.49313e-05
02494	0.000662451
02505	0.000666613
02511	0.000161885
02544	6.17395e-05
02562	4.64523e-05
02563	0.00269423
02565	0.000129358
02571	0.00211645
02572	0.000508197
02605	0.00553866
02618	6.82198e-05
02630	0.000523393
02638	0.000271293
02649	0.000295054
02654	0.000590585
02681	0.000118279
02684	0.000142322
02694	0.000344711
02725	0.000100687
02730	0.000419758
02732	0.00183262
02768	0.00016056
02776	0.00073795
02787	0.000593851
02813	0.0105168
02826	0.000968776
02831	0.000176892
0283A	0.000805753
02852	0.000934192
02859	0.000791581
02876	0.00170356
02891	0.000852891
02938	0.000138642
02944	0.00144658
02962	0.00694016
0296A	0.00416188
02973	1.75094e-05
02988	0.000211529
02989	0.000710566
03007	0.000125157
03015	0.000444077
03073	0.00694667
03152	0.00561034
03160	0.000272126
03195	5.42778e-05
03234	0.00018842
03244	0.00107034
03259	0.00474099
03268	0.0047088
03281	0.000948643
03284	0.000404785
03297	0.00045017
03302	0.0224324
03323	4.70025e-05
03349	0.000212365
03356	0.000132715
03357	0.0017229
03438	0.00209013
03455	0.00101436
03467	0.00046274
03476	0.00127057
03495	0.000157925
03514	0.00109893
03531	0.000123208
03558	0.000240737
03569	0.000648932
03581	0.000801801
03585	0.000215807
03617	5.7595e-05
03619	0.000213018
03664	0.000606698
03669	0.000256662
03672	0.000631019
03683	0.00345558
03690	0.00392328
03696	7.80331e-05
03729	0.00038737
03754	0.000665032
03755	6.78452e-05
03764	0.000769823
03773	0.000289212
03776	0.00406375
03797	0.00158137
03805	0.00282005
03832	0.000139111
03846	0.000911655
03853	0.00198261
03864	0.00204275
03877	0.000340727
03880	4.81379e-05
03920	0.000269968
03961	0.000215266
03962	0.000894271
03967	0.000275428
03982	0.000876459
03983	0.000841821
04006	8.01626e-05
04007	0.000151331
04031	0.000392101
0404A	0.000410695
04055	6.38256e-05
04058	0.0157229
04062	5.27787e-05
04071	0.001255
04090	0.00300851
04119	0.000269787
04149	0.000129209
04170	0.000203618
04194	0.000526147
0419A	0.000336169
04209	0.000360089
0423A	5.84351e-05
04274	0.0038611
04300	0.000276639
04319	0.000378333
04333	0.000174622
04347	0.000114155
04362	3.79666e-05
04392	0.000810298
04426	0.000307755
04435	0.000129934
04465	0.00245884
04474	0.00253482
04524	0.000297156
04549	0.00104805
04676	0.000247695
0467A	3.42778e-05
04689	0.000225096
04703	9.69728e-05
04713	0.0013354
04762	0.000237394
04784	0.00160531
04810	0.000632294
04863	0.00732242
04865	0.000785427
04873	2.13054e-05
04885	0.000284746
04894	4.75422e-05
04907	0.00439448
04911	0.000468747
04913	0.00169806
04918	0.0020895
04940	0.00141971
04987	0.00011908
04994	0.000428369
04998	0.000365509
05008	0.0119007
05011	0.000792903
05012	0.00509611
05020	2.70902e-05
05027	0.00184787
05045	0.000347102
05049	0.000985465
05092	0.00365385
05102	0.000265348
05108	0.00265185
05115	0.000820685
05131	0.000397532
05145	0.00117538
05189	0.000222151
05198	0.00740832
05222	3.96337e-05
05244	0.000366285
05282	0.00213032
05284	0.00016665
05285	0.00123813
05316	0.000202529
05349	0.00172903
05369	2.90996e-05
05373	0.00771754
05388	0.000474267
05407	0.000192796
05417	0.000548845
05420	0.000300482
05423	0.000313743
05429	0.000214189
05458	0.0020787
05476	0.000383794
05481	0.0131746
05484	0.000184319
0554A	0.000815991
05556	8.53891e-05
05569	0.000233428
05579	2.68162e-05
05580	0.00235367
05624	3.80029e-05
05659	0.00497688
05681	0.00169475
05702	7.12784e-05
05744	0.000267827
05764	2.0536e-05
05769	0.00039471
05773	0.00149931
05816	0.000177855
0583A	0.000941623
05855	0.0001442
05859	0.000288869
05868	0.000855315
05873	0.00242585
05881	0.0018003
05886	0.00113038
05910	0.000363777
05915	3.48272e-05
05920	1.04416e-05
05928	0.00081081
05957	0.00220951
05960	0.000897095
05969	0.000761287
05978	0.000494366
05984	0.00300194
05988	0.000143261
06039	2.49715e-05
06106	0.00167653
06154	0.000283536
06172	3.90952e-05
06184	0.000345341
06224	0.00619841
06257	0.000309053
06264	0.0018854
0626A	3.42735e-05
06277	0.00139564
06297	0.000759417
06347	0.00433601
06402	0.000272092
06418	0.00272034
06423	7.90954e-05
06435	0.000238143
06437	0.00273712
06454	0.000792751
06466	0.000856142
06489	0.00125983
06517	0.00132405
06533	0.00107481
06536	9.03333e-05
06538	9.23003e-05
06544	0.000403048
06559	0.000176198
06562	0.000291728
06616	0.000891139
06671	0.000446063
0671A	0.00279548
06735	6.20988e-05
06737	0.00240905
06751	0.00129665
06770	0.00419566
06777	0.00065372
06792	0.00103151
06801	0.0018739
06832	0.0185148
06837	0.000298232
06842	0.00066284
06882	0.000299355
06886	0.000447166
06908	0.000828555
06918	0.000118436
06920	0.000824956
06925	0.0307906
06939	0.00116323
06967	0.00225189
06976	0.000308212
06977	0.000145002
06981	0.000478928
07005	9.91246e-05
07017	0.00274324
07045	0.0057361
07079	0.18842
07081	7.99348e-05
07084	0.00077414
07103	0.00297669
07123	7.30139e-05
07136	0.000549169
07173	3.44714e-05
07201	6.13457e-05
07230	0.000151708
07272	0.00374461
07283	0.00567432
07290	6.23307e-05
07311	0.000571157
07321	0.000192266
07379	0.0002052
07433	0.00372024
07440	0.000346027
07441	0.000391266
07461	0.0232182
07486	0.00321554
07490	0.000162238
07506	0.00259202
07508	0.000511587
07558	0.0110128
07585	0.000303645
07602	0.00054146
07619	0.000286041
07636	4.35153e-05
07637	0.0313883
07645	0.000290334
07655	0.00765613
07658	0.00115317
07663	6.50688e-05
07685	0.00407383
07694	0.000208077
07697	0.000757152
07719	0.000532876
07726	0.000680155
07739	0.0128167
07772	0.00105107
07790	0.000498097
07816	0.00182066
07845	2.17702e-05
07853	0.000996443
07861	0.000340367
07872	0.00204559
07874	0.00101102
07884	0.000259123
07886	0.000323792
07908	0.000681919
07918	0.000235588
07924	0.00111548
08003	0.00122936
08044	0.000110521
08045	0.00187287
08049	6.94785e-05
08051	0.00355997
08092	0.000298226
08130	0.000407993
08132	0.00122184
08133	0.00145355
08134	0.000418937
08145	0.0263042
08155	0.000224186
08178	0.00173551
08212	0.000269891
08258	0.00111364
08263	0.00770563
08300	0.000757125
08314	0.00331624
08349	0.000383109
08353	4.95691e-05
08363	0.000515465
08370	0.00102946
08376	0.000781526
08434	0.0212493
08453	0.000445425
08471	0.00047003
08482	0.000365808
08499	0.000645617
08512	5.24963e-05
08539	0.000505399
0853A	0.000524088
08558	0.000144871
08580	0.00133571
08594	0.00446842
08676	0.00112769
08686	6.56566e-05
08687	0.00022286
08712	0.00152073
08747	0.000622371
08773	0.000241179
08780	0.00127316
08826	0.00203559
08828	0.000247326
08848	0.00171562
08854	0.00207721
08858	0.000113336
08860	8.37628e-06
08879	0.000193461
08888	0.000552202
08890	6.21256e-05
08892	0.00060711
08913	0.00154556
08964	0.00936352
09010	0.000165713
09021	0.000195697
09033	0.00157078
09055	0.000730669
09072	0.000446635
09085	0.000424909
09182	1.62244e-05
0918A	2.88299e-05
09215	0.00186651
09217	0.000282222
09221	4.25578e-05
09226	0.00104229
09232	0.00145838
09237	3.00119e-05
09263	0.000170743
09265	0.00155399
09268	0.00180366
09283	0.000115881
09284	0.000567094
09302	9.31566e-05
09313	0.000568994
09323	0.00317103
09335	0.00243254
09350	0.000347375
09357	0.00521664
09360	0.00217923
09370	6.85083e-05
09444	0.000296146
09479	0.00017643
09486	0.00511349
09503	0.00697945
09514	5.27317e-05
09529	0.00209182
09534	0.0163825
09547	4.05459e-05
09574	0.000892589
09581	0.000362173
09582	4.71209e-05
09597	0.000112956
09599	0.00080544
09629	0.00106765
09658	0.000101168
09693	0.00111669
09710	0.00019382
09730	0.00028178
09766	2.42186e-05
09788	0.000680177
09789	9.29307e-05
09803	0.000161003
09829	0.00105567
09837	0.000755807
09838	0.000129171
0987A	6.65713e-05
09881	0.000424275
09883	0.00503144
09896	0.00145385
09906	0.000354459
09918	0.000272631
09932	0.000606563
09951	0.000716078
09982	5.75789e-05
09986	9.36437e-05
