# format = weight
# date = 20250331
01346	0.000297894
01356	0.000212132
01361	0.00217351
01362	0.0030753
01384	0.000402499
01419	0.000303044
01454	0.000450306
01464	0.000225832
01482	0.000861278
01484	0.000137158
01488	0.000630586
01489	0.000967721
0148A	0.00235479
01492	5.409e-05
01515	3.21797e-05
01555	0.000195523
01572	0.00213609
01587	0.000675003
01607	0.000154967
01649	0.000445971
01659	0.0021331
01678	0.00102464
01681	0.000543306
01682	0.00250591
01729	9.95454e-05
01763	0.000240356
01780	2.48644e-05
01783	0.0248781
01821	0.000106062
01846	0.000319785
01855	3.13924e-05
01876	0.000142392
01926	0.000756858
01953	0.00031843
01993	0.00021828
01999	0.000403331
02025	0.000309017
02029	0.00027071
02047	0.00258515
02051	4.45679e-05
02066	0.00167736
02071	0.000326664
02098	2.90649e-05
02103	0.00171667
02104	0.00261082
02167	1.68852e-05
02180	0.000290065
0219A	0.00053411
02209	0.000469283
02210	0.000376105
02216	0.000848521
02239	0.00281442
02244	0.00030022
02281	9.07784e-05
02282	0.000425908
02284	0.000356342
02300	0.00170762
02303	0.00190758
02325	6.59731e-05
02340	5.99862e-05
02343	0.000177128
02344	0.00137662
02345	0.00429023
02359	9.00168e-05
02364	0.000271119
02365	5.91851e-05
02421	0.000228067
02425	0.00243573
02432	0.000104165
02449	0.000194192
02452	0.000190232
02473	0.000394419
02482	8.19949e-05
02505	0.000643565
02527	0.000688556
02544	5.96049e-05
02562	4.48463e-05
02563	0.00260108
02565	0.000124886
02572	0.000490627
02585	0.00117287
02605	0.00534716
02618	6.58611e-05
02630	0.000505297
02638	0.000261913
02649	0.000284853
02654	0.000570166
02681	0.000114189
02694	0.000332793
02725	9.72055e-05
02730	0.000405245
02732	0.00176926
02768	0.000155009
02776	0.000712436
02802	0.00028124
02813	0.0101532
02826	0.000935281
02831	0.000170776
02852	0.000901893
02859	0.000764213
02876	0.00164466
02891	0.000823403
02938	0.000133849
0296A	0.00401799
02988	0.000204216
02989	0.000685998
03007	0.00012083
03015	0.000428723
03073	0.00670649
03152	0.00541636
03160	0.000262718
03195	5.24012e-05
03234	0.000181905
03244	0.00103333
03259	0.00457707
03268	0.004546
03281	0.000915844
03284	0.00039079
03297	0.000434606
03302	0.0216568
03323	4.53774e-05
03342	0.00154024
03349	0.000205023
03356	0.000128126
03357	0.00166333
03438	0.00201787
03476	0.00122664
03495	0.000152464
03514	0.00106093
03531	0.000118949
03546	0.000266306
03558	0.000232414
0355A	0.000224808
03569	0.000626495
03581	0.000774079
03585	0.000208345
03617	5.56037e-05
03619	0.000205653
03664	0.000585722
03683	0.00333611
03690	0.00378763
03696	7.53351e-05
03729	0.000373977
03754	0.000642039
03755	6.54995e-05
03762	0.00678557
03764	0.000743207
03776	0.00392325
03797	0.00152669
03805	0.00272255
03809	0.000220931
03815	0.0022621
03832	0.000134301
03846	0.000880135
03853	0.00191406
03877	0.000328946
03944	0.00439423
03961	0.000207823
03962	0.000863352
03967	0.000265906
03981	0.00111721
03982	0.000846156
03983	0.000812716
03988	7.8428e-05
04006	7.7391e-05
04007	0.000146099
04031	0.000378544
0404A	0.000396495
04090	0.00290449
04119	0.000260459
04149	0.000124742
04170	0.000196578
04177	0.00810399
0419A	0.000324546
04209	0.000347639
0423A	5.64148e-05
04274	0.0037276
04300	0.000267074
04308	0.000305416
04392	0.000782282
04426	0.000297115
04465	0.00237383
04474	0.00244718
04482	1.1591e-05
04524	0.000286882
04529	0.000141847
04549	0.00101182
04578	0.00034996
04662	0.00374417
04676	0.000239132
04689	0.000217313
04703	9.362e-05
04713	0.00128923
0471A	0.00089877
04762	0.000229186
04779	6.49287e-05
04784	0.00154981
04810	0.000610433
04818	0.000290332
04854	0.0101164
04863	0.00706925
04873	2.05688e-05
04885	0.000274901
04894	4.58985e-05
04897	0.00438872
04911	0.000452541
04913	0.00163935
04918	0.00201726
04922	0.000829684
04940	0.00137063
04966	0.0167282
04971	0.00044377
04987	0.000114963
04994	0.000413559
04998	0.000352872
05005	0.00126933
05008	0.0114892
05011	0.000765489
05012	0.00491991
05020	2.61536e-05
05027	0.00178398
05049	0.000951393
05102	0.000256174
05108	0.00256016
05131	0.000383788
05145	0.00113474
05168	8.08068e-05
05180	7.48933e-06
05189	0.00021447
05198	0.00715219
05215	0.000384111
05222	3.82634e-05
05282	0.00205667
05284	0.000160888
05316	0.000195527
05349	0.00166925
05369	2.80935e-05
05373	0.00745071
05388	0.000457869
05407	0.000186131
05417	0.000529869
05420	0.000290093
05429	0.000206784
05435	0.00135867
05458	0.00200683
05463	0.000857713
05476	0.000370525
05481	0.0127191
05484	0.000177947
0554A	0.000787778
05579	2.58891e-05
05580	0.00227229
05624	3.6689e-05
05654	0.000832266
05659	0.0048048
05681	0.00163615
05744	0.000258567
05769	0.000381063
05773	0.00144747
05821	0.00235909
0583A	0.000909067
05859	0.000278882
05866	7.55293e-05
05868	0.000825743
05873	0.00234198
05874	0.000199938
05881	0.00173805
05886	0.00109129
05910	0.000351199
05915	3.36231e-05
05920	1.00806e-05
05928	0.000782776
05957	0.00213312
05964	9.04352e-05
05969	0.000734966
05978	0.000477274
05984	0.00289815
05988	0.000138308
06106	0.00161857
06154	0.000273733
06172	3.77435e-05
06184	0.000333401
06224	0.0059841
06257	0.000298368
06263	0.000524864
06264	0.00182022
0626A	3.30885e-05
06277	0.00134739
06347	0.0041861
06402	0.000262684
06418	0.00262628
06423	7.63607e-05
06437	0.00264249
06454	0.000765342
06466	0.000826542
06477	0.000666472
06489	0.00121627
06494	0.00405173
06517	0.00127828
06533	0.00103765
06538	8.91091e-05
06544	0.000389113
06559	0.000170106
06562	0.000281641
06616	0.000860329
06671	0.000430641
0671A	0.00269883
06735	5.99518e-05
06737	0.00232576
0673A	0.000291921
06751	0.00125182
06770	0.0040506
06777	0.000631118
06792	0.000995847
06801	0.00180911
06808	0.00222324
06832	0.0178747
06842	0.000639923
06862	0.00284223
06882	0.000289005
06886	0.000431706
06908	0.000799908
06914	0.00043933
06918	0.000114341
06920	0.000796433
06925	0.0297261
06939	0.00112301
06976	0.000297556
06981	0.00046237
07005	9.56975e-05
07017	0.00264839
07045	0.00553778
07079	0.181905
07081	7.71711e-05
07084	0.000747375
07103	0.00287377
07173	3.32796e-05
07230	0.000146463
07249	0.000503423
07272	0.00361515
07283	0.00547813
07311	0.000551409
07379	0.000198105
07393	0.00504833
07416	0.00126969
07429	0.00585858
07433	0.00359162
07440	0.000334063
07441	0.000377738
07461	0.0224155
07486	0.00310437
07490	0.000156628
07506	0.0025024
07508	0.0004939
07585	0.000293146
07602	0.00052274
07609	0.00634362
07619	0.000276151
07636	4.20108e-05
07637	0.0303031
07642	0.0197518
07645	0.000280295
07647	0.00120639
07655	0.00739143
07658	0.0011133
07663	6.28191e-05
07665	0.000101801
07685	0.00393298
07694	0.000200883
07697	0.000730974
07719	0.000514452
07726	0.000656639
07739	0.0123736
07772	0.00101473
07786	0.000646336
07788	0.000609952
07816	0.00175771
07845	2.10175e-05
07853	0.000961992
07861	0.000328599
07874	0.000976069
07884	0.000250164
07908	0.000658342
07918	0.000227443
07924	0.00107692
07949	0.000805997
08003	0.00118685
08044	0.000106699
08045	0.00180811
08049	6.70764e-05
08051	0.00343689
08092	0.000287915
08130	0.000393887
08132	0.0011796
08133	0.00140329
08134	0.000404453
08145	0.0253947
08155	0.000216435
08173	0.000342644
08210	0.000156736
08212	0.000260559
08258	0.00107514
08263	0.00743922
08276	0.000171962
08314	0.00320158
08349	0.000369864
08353	4.78553e-05
08363	0.000497644
08370	0.00099387
08376	0.000754506
08427	0.000135542
08434	0.0205146
08451	0.000808651
08453	0.000430025
08471	0.000453779
08482	0.00035316
08499	0.000623296
08512	5.06813e-05
08539	0.000487925
0853A	0.000505968
08580	0.00128953
08594	0.00431392
08676	0.0010887
08686	6.33866e-05
08687	0.000215155
08712	0.00146816
08747	0.000600853
08772	0.000128552
08773	0.000232841
08780	0.00122914
08828	0.000238775
08846	0.000169643
08848	0.0016563
08879	0.000186772
08888	0.00053311
08890	5.99777e-05
08892	0.00058612
08913	0.00149212
09021	0.000188931
09033	0.00151647
09055	0.000705407
09085	0.000410218
09182	1.56634e-05
0918A	2.78331e-05
09215	0.00180198
09217	0.000272464
09221	4.10864e-05
09225	0.000148601
09226	0.00100625
09232	0.00140796
09237	2.89743e-05
09263	0.00016484
09265	0.00150026
09278	0.000311406
09283	0.000111874
09284	0.000547487
09302	8.99358e-05
09313	0.000549322
09323	0.0030614
09335	0.00234844
09357	0.00503628
09360	0.00210389
09370	6.61397e-05
09417	0.00107169
09444	0.000285907
09479	0.00017033
09503	0.00673814
09514	5.09085e-05
09529	0.0020195
09534	0.0158161
09545	0.0018974
09547	3.91441e-05
09574	0.000861728
09581	0.000349651
09582	4.54917e-05
09595	0.000491856
09597	0.000109051
09599	0.000777593
09658	9.76704e-05
09693	0.00107808
09710	0.000187119
09730	0.000272038
09738	0.00367172
09766	2.33813e-05
09788	0.00065666
09789	8.97177e-05
09803	0.000155436
09837	0.000729675
09838	0.000124705
0987A	6.42697e-05
09881	0.000409606
09883	0.00485748
09886	0.000155616
09896	0.00140358
09932	0.000585592
09934	0.000285401
09951	0.00069132
09982	5.55881e-05
09986	9.04061e-05
