# format = weight
# date = 20250530
01346	0.000315606
01356	0.000224745
01361	0.00230274
01362	0.00325816
0137A	0.000627359
01384	0.000426432
01419	0.000321063
01464	0.00023926
01482	0.00091249
01484	0.000145313
01488	0.00066808
01489	0.00102526
0148A	0.0024948
01492	5.73062e-05
01514	0.000639876
01515	3.40931e-05
01572	0.0022631
01587	0.000715138
01607	0.000164182
01616	0.000643647
01649	0.000472488
01659	0.00225993
01678	0.00108557
01681	0.000575611
01682	0.00265491
01729	0.000105464
01763	0.000254647
01780	2.63429e-05
01783	0.0263573
01821	0.000112368
01846	0.000338799
01875	0.00174993
01876	0.000150859
01926	0.000801861
01953	0.000337364
01961	0.000888464
01993	0.000231259
01995	0.0105205
01999	0.000427313
02007	0.00147701
02022	0.00027984
02025	0.000327392
02029	0.000286806
02047	0.00273886
02048	0.000256322
02051	4.72179e-05
02066	0.00177709
02071	0.000346088
02092	0.000203705
02098	3.07931e-05
02103	0.00181874
02104	0.00276606
02167	1.78892e-05
02180	0.000307312
02185	0.000930827
0219A	0.000565868
02209	0.000497186
02210	0.000398469
02216	0.000898975
02239	0.00298176
02244	0.000318071
02281	9.61761e-05
02282	0.000451233
02284	0.00037753
02325	6.98958e-05
02340	6.3553e-05
02344	0.00145847
02345	0.00454533
02359	9.53692e-05
02364	0.00028724
02365	6.27043e-05
02421	0.000241628
02432	0.000110359
02449	0.000205739
02452	0.000201543
02473	0.000417872
02482	8.68703e-05
02494	0.000677575
02505	0.000681832
02511	0.000165581
02527	0.000729497
02544	6.3149e-05
02563	0.00275574
02565	0.000132311
02571	0.00216476
02572	0.0005198
02585	0.00124261
02605	0.00566511
02630	0.000535342
02649	0.00030179
02681	0.000120979
02684	0.000145571
02694	0.000352581
02725	0.000102985
02730	0.000429341
02732	0.00187446
02768	0.000164226
02776	0.000754798
02787	0.000607408
02802	0.000297963
02813	0.0107569
02826	0.000990893
02831	0.000180931
02852	0.000955519
02859	0.000809653
02876	0.00174245
02938	0.000141807
02962	0.00709861
0296A	0.0042569
02973	1.79091e-05
02988	0.000216358
02989	0.000726788
03015	0.000454215
03073	0.00710526
03152	0.00573842
03160	0.000278339
03195	5.55169e-05
03234	0.000192721
03244	0.00109477
03259	0.00484923
03268	0.0048163
03281	0.0009703
03284	0.000414026
03297	0.000460447
03302	0.0229445
03342	0.00163182
03349	0.000217213
03356	0.000135745
03357	0.00176223
03467	0.000473305
03476	0.00129958
03495	0.00016153
03514	0.00112401
03531	0.000126021
03546	0.000282141
03558	0.000246233
0355A	0.000238175
03569	0.000663747
03581	0.000820106
03585	0.000220734
03617	5.89099e-05
03619	0.000217881
03628	0.00054647
03664	0.000620549
03672	0.000645425
03683	0.00353447
03696	7.98146e-05
03754	0.000680215
03755	6.93941e-05
03762	0.00718904
03764	0.000787398
03773	0.000295814
03776	0.00415652
03797	0.00161747
03805	0.00288443
03809	0.000234068
03815	0.0023966
03846	0.000932468
03864	0.00208939
03880	4.92369e-05
03920	0.000276131
03944	0.00465551
03962	0.000914687
03967	0.000281716
03982	0.000896468
03983	0.00086104
04006	8.19927e-05
04007	0.000154786
04031	0.000401052
0404A	0.000420071
04055	6.52827e-05
04062	5.39837e-05
04071	0.00128366
04090	0.00307719
04119	0.000275946
04149	0.000132159
04170	0.000208266
04194	0.000538159
0419A	0.000343844
04209	0.00036831
0423A	5.97692e-05
04274	0.00394925
04300	0.000282954
04308	0.000323576
04333	0.000178609
04347	0.000116761
04362	3.88334e-05
04392	0.000828797
04426	0.000314781
04435	0.0001329
04474	0.00259269
04524	0.00030394
04529	0.000150281
04549	0.00107198
04578	0.000370768
04666	4.37661e-05
04676	0.00025335
0467A	3.50603e-05
04689	0.000230235
04713	0.00136589
0471A	0.000952211
04762	0.000242814
04779	6.87894e-05
04784	0.00164196
04810	0.000646729
04863	0.00748959
04865	0.000803358
04873	2.17918e-05
04885	0.000291247
04897	0.00464967
04913	0.00173683
04918	0.00213721
04922	0.000879017
04940	0.00145213
04966	0.0177229
04971	0.000470156
04987	0.000121799
04994	0.000438149
04998	0.000373854
05005	0.0013448
05008	0.0121724
05011	0.000811005
05012	0.00521245
05020	2.77086e-05
05027	0.00189005
05045	0.000355027
05078	0.00383062
05092	0.00373727
05102	0.000271406
05108	0.00271239
05115	0.000839421
05131	0.000406608
05145	0.00120222
05168	8.56116e-05
05189	0.000227223
05198	0.00757745
05215	0.000406951
05244	0.000374647
05282	0.00217896
05284	0.000170455
05285	0.0012664
05316	0.000207153
05349	0.00176851
05369	2.9764e-05
05373	0.00789373
05388	0.000485094
05407	0.000197198
05416	0.00175598
05417	0.000561375
05420	0.000307342
05423	0.000320906
05429	0.000219079
05435	0.00143945
05458	0.00212615
05463	0.000908712
05484	0.000188527
05556	8.73386e-05
05569	0.000238758
05579	2.74284e-05
05580	0.0024074
05581	3.38616e-05
05654	0.000881752
05659	0.0050905
05677	0.00307412
05681	0.00173344
0572A	0.00155265
05744	0.000273942
05764	2.10049e-05
05773	0.00153354
05816	0.000181915
05821	0.00249936
0583A	0.00096312
05855	0.000147492
05859	0.000295464
05866	8.00202e-05
05868	0.000874842
05873	0.00248123
05874	0.000211826
05881	0.0018414
05886	0.00115618
05910	0.000372082
05915	3.56223e-05
05920	1.068e-05
05928	0.00082932
05957	0.00225995
05960	0.000917576
05964	9.58125e-05
05969	0.000778667
05978	0.000505652
05984	0.00307047
06039	2.55416e-05
06061	0.00484899
06106	0.00171481
06154	0.000290009
06172	3.99877e-05
06184	0.000353225
06257	0.000316109
06263	0.000556073
0626A	3.5056e-05
06277	0.0014275
06297	0.000776754
06347	0.004435
06402	0.000278303
06418	0.00278244
06423	8.09011e-05
06435	0.00024358
06437	0.00279961
06454	0.00081085
06466	0.000875688
06477	0.0007061
06489	0.00128859
06533	0.00109935
06538	9.44075e-05
06544	0.00041225
06562	0.000298388
06616	0.000911484
06671	0.000456247
06694	0.000527182
0671A	0.0028593
06737	0.00246405
0673A	0.000309278
06751	0.00132625
06770	0.00429145
06777	0.000668644
06792	0.00105506
06801	0.00191668
06808	0.00235543
06832	0.0189375
06837	0.000305041
06842	0.000677973
06882	0.00030619
06886	0.000457375
06908	0.000847471
06918	0.00012114
06920	0.000843789
06939	0.00118979
06967	0.0023033
06976	0.000315249
06977	0.000148313
06981	0.000489862
07005	0.000101388
07017	0.00280587
07045	0.00586706
07079	0.192722
07081	8.17597e-05
07103	0.00304465
07136	0.000561706
07173	3.52584e-05
07201	6.27462e-05
07230	0.000155172
07249	0.000533356
07272	0.0038301
07283	0.00580386
07290	6.37537e-05
07311	0.000584196
07321	0.000196655
07379	0.000209885
07393	0.0053485
07416	0.00134519
07429	0.00620693
07433	0.00380517
07440	0.000353926
07441	0.000400199
07461	0.0237483
07486	0.00328895
07490	0.000165942
07506	0.0026512
07508	0.000523267
07585	0.000310577
07602	0.000553822
07609	0.00672081
07619	0.000292571
07636	4.45088e-05
07637	0.0321049
07645	0.000296962
07647	0.00127812
07655	0.00783092
07663	6.65543e-05
07665	0.000107854
07685	0.00416684
07694	0.000212827
07697	0.000774437
07726	0.000695683
07739	0.0131093
07772	0.00107506
07786	0.000684767
07788	0.00064622
07790	0.000509469
07845	2.22672e-05
07861	0.000348138
07872	0.00209229
07874	0.00103411
07884	0.000265039
07886	0.000331184
07908	0.000697487
07918	0.000240967
07924	0.00114095
08003	0.00125742
08044	0.000113044
08045	0.00191562
08049	7.10647e-05
08051	0.00364125
08092	0.000305035
08093	0.00187281
08130	0.000417308
08132	0.00124974
08133	0.00148673
08134	0.000428502
08145	0.0269047
08155	0.000229304
08173	0.000363018
08178	0.00177513
08210	0.000166056
08212	0.000276052
08258	0.00113907
08263	0.00788155
08314	0.00339195
08349	0.000391856
08353	5.07008e-05
08363	0.000527233
08370	0.00105297
08376	0.000799369
08434	0.0217344
08451	0.000856733
08453	0.000455594
08471	0.000480761
08482	0.000374159
08499	0.000660357
08512	5.36948e-05
08539	0.000516937
0853A	0.000536053
08558	0.000148178
08580	0.00136621
08676	0.00115344
08686	6.71556e-05
08687	0.000227948
08712	0.00155545
08747	0.00063658
08773	0.000246686
08826	0.00208206
08828	0.000252973
08846	0.00017973
08848	0.00175478
08854	0.00212463
08858	0.000115924
08879	0.000197877
08892	0.00062097
08913	0.00158084
08964	0.00957729
09010	0.000169496
09021	0.000200165
09033	0.00160664
09055	0.00074735
09072	0.000456832
09085	0.00043461
09182	1.65948e-05
0918A	2.94881e-05
09215	0.00190913
09220	9.2235e-05
09221	4.35294e-05
09225	0.000157436
09226	0.00106608
09237	3.06971e-05
09263	0.000174641
09265	0.00158947
09278	0.000329922
09283	0.000118526
09284	0.000580041
09302	9.52834e-05
09313	0.000581984
09323	0.00324343
09335	0.00248807
09350	0.000355306
09357	0.00533574
09360	0.00222899
09370	7.00724e-05
09417	0.00113542
09444	0.000302907
09503	0.00713879
09529	0.00213958
09534	0.0167565
09545	0.00201022
09547	4.14716e-05
09574	0.000912966
09581	0.000370441
09582	4.81966e-05
09595	0.000521102
09599	0.000823829
09629	0.00109202
09658	0.000103478
09693	0.00114219
09710	0.000198245
09730	0.000288213
09738	0.00389004
09766	2.47716e-05
09788	0.000695705
09789	9.50523e-05
09803	0.000164679
09837	0.000773062
09838	0.00013212
0987A	6.80912e-05
09881	0.000433961
09883	0.0051463
09886	0.000164869
09896	0.00148704
09906	0.000362552
09918	0.000278855
09932	0.000620411
09934	0.000302371
09951	0.000732426
09986	9.57816e-05
