# format = weight
# date = 20250430
01346	0.00029023
01356	0.000206675
01361	0.00211759
0137A	0.000576917
01384	0.000392145
01419	0.000295249
01454	0.000438722
01464	0.000220022
01484	0.00013363
01488	0.000614364
01489	0.000942827
0148A	0.00229421
01492	5.26986e-05
01515	3.13519e-05
01555	0.000190494
01572	0.00208114
01587	0.000657639
01649	0.000434499
01659	0.00207823
01678	0.000998284
01681	0.00052933
01682	0.00244145
01729	9.69847e-05
01780	2.42248e-05
01783	0.0242381
01821	0.000103333
01846	0.000311558
01855	3.05849e-05
01875	0.00160923
01876	0.000138729
01926	0.000737389
01953	0.000310239
01993	0.000212665
01995	0.00967462
01999	0.000392955
02007	0.00135825
02022	0.00025734
02025	0.000301068
02029	0.000263746
02047	0.00251865
02048	0.000235713
02051	4.34215e-05
02066	0.00163421
02092	0.000187326
02098	2.83172e-05
02103	0.00167251
02104	0.00254366
02180	0.000282603
02185	0.000855985
0219A	0.000520371
02209	0.000457211
02210	0.000366431
02216	0.000826694
02244	0.000292497
02281	8.84432e-05
02282	0.000414952
02284	0.000347176
02303	0.00185851
02325	6.4276e-05
02340	5.84431e-05
02343	0.000172571
02344	0.00134121
02359	8.77012e-05
02365	5.76627e-05
02421	0.0002222
02425	0.00237308
02449	0.000189197
02452	0.000185338
02473	0.000384273
02505	0.00062701
02511	0.000152268
02527	0.000670843
02544	5.80716e-05
02562	4.36927e-05
02563	0.00253417
02571	0.00199071
02605	0.00520961
02630	0.000492299
02638	0.000255176
02649	0.000277525
02681	0.000111252
02684	0.000133866
02694	0.000324232
02725	9.4705e-05
02730	0.00039482
02768	0.000151021
02776	0.000694109
02787	0.000558571
02802	0.000274006
02826	0.000911222
0283A	0.000757884
02852	0.000878692
02859	0.000744554
02876	0.00160235
02891	0.000802221
02938	0.000130406
02944	0.00136064
02962	0.00652786
02973	1.64692e-05
02988	0.000198962
02989	0.000668352
03007	0.000117721
03015	0.000417695
03073	0.00653397
03152	0.00527703
03195	5.10532e-05
03234	0.000177226
03244	0.00100675
03259	0.00445933
03268	0.00442906
03281	0.000892285
03284	0.000380737
03302	0.0210997
03342	0.00150062
03349	0.000199748
03356	0.00012483
03357	0.00162054
03438	0.00196596
03467	0.00043525
03476	0.00119509
03495	0.000148542
03546	0.000259456
0355A	0.000219025
03569	0.000610379
03581	0.000754167
03585	0.000202986
03617	5.41734e-05
03619	0.000200363
03628	0.000502532
03664	0.000570655
03669	0.000241414
03672	0.00059353
03683	0.00325029
03690	0.0036902
03696	7.33972e-05
03729	0.000364357
03754	0.000625523
03755	6.38146e-05
03762	0.00661101
03773	0.00027203
03776	0.00382233
03797	0.00148742
03809	0.000215248
03815	0.00220391
03846	0.000857494
03853	0.00186483
03864	0.00192139
03877	0.000320485
03880	4.5278e-05
03920	0.000253929
03944	0.0042812
03961	0.000202477
03962	0.000841143
03967	0.000259065
03981	0.00108847
03982	0.000824389
03983	0.00079181
03988	7.64105e-05
04006	7.54002e-05
04007	0.000142341
04031	0.000368806
0404A	0.000386296
04055	6.00338e-05
04058	0.0147888
04062	4.96432e-05
04071	0.00118045
04119	0.000253759
04149	0.000121533
04170	0.000191521
04177	0.00789553
04194	0.000494889
0419A	0.000316198
04209	0.000338696
0423A	5.49635e-05
04300	0.000260204
04319	0.000355857
04333	0.000164248
04347	0.000107373
04392	0.000762159
04426	0.000289472
04435	0.000122214
04465	0.00231277
04474	0.00238423
04482	1.12928e-05
04524	0.000279503
04529	0.000138198
04578	0.000340957
04662	0.00364786
04666	4.02472e-05
04676	0.00023298
04689	0.000211723
04713	0.00125607
0471A	0.00087565
04762	0.000223291
04779	6.32585e-05
04784	0.00150994
04810	0.00059473
04818	0.000282863
04854	0.00985613
04863	0.0068874
04873	2.00397e-05
04885	0.00026783
04897	0.00427583
04907	0.00413341
04911	0.0004409
04913	0.00159718
04918	0.00196537
04922	0.000808341
04966	0.0162979
04971	0.000432354
04987	0.000112006
04994	0.00040292
04998	0.000343795
05005	0.00123668
05008	0.0111937
05011	0.000745797
05012	0.00479335
05020	2.54808e-05
05027	0.00173809
05045	0.000326481
05049	0.000926919
05078	0.00352262
05092	0.00343678
05102	0.000249584
05108	0.00249431
05115	0.000771929
05131	0.000373915
05145	0.00110555
05168	7.87282e-05
05180	7.29667e-06
05183	0.00165544
05198	0.0069682
05215	0.00037423
05222	3.72791e-05
05282	0.00200376
05284	0.000156749
05285	0.00116458
05316	0.000190497
05349	0.00162631
05369	2.73709e-05
05373	0.00725905
05388	0.000446091
05407	0.000181343
05416	0.00161479
05417	0.000516239
05420	0.000282631
05423	0.000295104
05429	0.000201464
05435	0.00132372
05458	0.0019552
05463	0.000835649
05476	0.000360994
05481	0.0123919
05484	0.000173369
0554A	0.000767514
05556	8.03163e-05
05569	0.000219561
05580	0.00221384
05654	0.000810857
05659	0.00468121
05677	0.00282695
05681	0.00159406
05702	6.70438e-05
0572A	0.00142781
05764	1.9316e-05
05769	0.000371261
05773	0.00141023
05816	0.000167289
05821	0.0022984
0583A	0.000885682
05855	0.000135633
05859	0.000271708
05866	7.35863e-05
05868	0.000804502
05873	0.00228173
05874	0.000194794
05881	0.00169334
05886	0.00106322
05910	0.000342165
05915	3.27581e-05
05920	9.82127e-06
05928	0.00076264
05957	0.00207824
05964	8.81089e-05
05969	0.00071606
05978	0.000464996
05984	0.0028236
05988	0.00013475
06039	2.3488e-05
06106	0.00157693
06154	0.000266692
06172	3.67726e-05
06184	0.000324825
06224	0.00583017
06257	0.000290693
06263	0.000511362
06264	0.00177339
0626A	3.22373e-05
06297	0.000714301
06402	0.000255927
06418	0.00255873
06423	7.43964e-05
06437	0.00257452
06454	0.000745655
06466	0.00080528
06477	0.000649327
06489	0.00118499
06517	0.00124539
06533	0.00101096
06536	8.49667e-05
06544	0.000379103
06559	0.00016573
06562	0.000274396
06616	0.000838198
06671	0.000419563
06694	0.000484795
0671A	0.00262941
06735	5.84096e-05
06737	0.00226593
0673A	0.000284411
06751	0.00121962
06770	0.0039464
06777	0.000614883
06792	0.000970229
06801	0.00176257
06832	0.0174149
06837	0.000280514
06882	0.000281571
06886	0.0004206
06908	0.000779331
06914	0.000428029
06918	0.0001114
06920	0.000775946
06925	0.0289614
06939	0.00109413
06967	0.00211811
06977	0.000136388
06981	0.000450476
07017	0.00258026
07045	0.00539533
07079	0.177226
07081	7.5186e-05
07103	0.00279985
07123	6.86762e-05
07136	0.000516543
07173	3.24235e-05
07201	5.77012e-05
07230	0.000142695
07249	0.000490473
07272	0.00352215
07290	5.86277e-05
07311	0.000537225
07321	0.000180843
07379	0.000193009
07393	0.00491846
07416	0.00123703
07429	0.00570788
07433	0.00349922
07440	0.00032547
07461	0.0218388
07486	0.00302451
07490	0.000152599
07506	0.00243803
07508	0.000481195
07558	0.0103586
07585	0.000285605
07602	0.000509293
07609	0.00618043
07619	0.000269047
07636	4.09301e-05
07637	0.0295236
07642	0.0192437
07645	0.000273085
07647	0.00117535
07658	0.00108467
07663	6.12031e-05
07685	0.00383181
07697	0.00071217
07719	0.000501218
07726	0.000639748
07739	0.0120553
07772	0.000988623
07786	0.000629709
07788	0.000594261
07790	0.000468506
07816	0.0017125
07845	2.04768e-05
07853	0.000937246
07861	0.000320146
07872	0.00192407
07874	0.00095096
07908	0.000641407
07918	0.000221592
07924	0.00104921
07949	0.000785263
08003	0.00115632
08044	0.000103955
08045	0.0017616
08049	6.53509e-05
08051	0.00334848
08092	0.000280509
08130	0.000383755
08132	0.00114925
08133	0.00136719
08134	0.000394049
08145	0.0247415
08178	0.0016324
08212	0.000253857
08258	0.00104748
08263	0.00724785
08276	0.000167539
08314	0.00311923
08349	0.000360349
08353	4.66243e-05
08363	0.000484842
08370	0.000968303
08376	0.000735097
08427	0.000132055
08434	0.0199869
08451	0.000787849
08453	0.000418963
08471	0.000442106
08499	0.000607262
08512	4.93775e-05
0853A	0.000492952
08558	0.000136264
08594	0.00420295
08676	0.0010607
08686	6.1756e-05
08747	0.000585397
08772	0.000125245
08773	0.000226851
08780	0.00119752
08826	0.00191465
08828	0.000232633
08846	0.000165279
08848	0.00161369
08860	7.87866e-06
08879	0.000181967
08888	0.000519396
08890	5.84348e-05
08892	0.000571042
08913	0.00145374
08964	0.00880724
09021	0.000184071
09033	0.00147746
09072	0.000420101
09085	0.000399666
09182	1.52605e-05
0918A	2.71171e-05
09215	0.00175563
09217	0.000265455
09220	8.4819e-05
09221	4.00295e-05
09225	0.000144778
09226	0.000980365
09232	0.00137174
09237	2.82289e-05
09263	0.000160599
09265	0.00146167
09268	0.0016965
09278	0.000303395
09283	0.000108996
09284	0.000533404
09302	8.76223e-05
09313	0.000535191
09323	0.00298265
09345	9.10991e-05
09350	0.000326738
09357	0.00490672
09360	0.00204977
09370	6.44383e-05
09417	0.00104412
09444	0.000278552
09479	0.000165948
09486	0.00480971
09503	0.0065648
09514	4.9599e-05
09529	0.00196755
09534	0.0154092
09545	0.00184859
09547	3.81371e-05
09574	0.000839561
09581	0.000340656
09582	4.43215e-05
09595	0.000479204
09597	0.000106246
09599	0.00075759
09629	0.00100422
09693	0.00105035
09710	0.000182305
09730	0.00026504
09738	0.00357727
09766	2.27798e-05
09788	0.000639768
09789	8.74098e-05
09803	0.000151438
09829	0.000992953
09837	0.000710905
09838	0.000121497
0987A	6.26164e-05
09881	0.000399069
09883	0.00473252
09886	0.000151613
09896	0.00136748
09906	0.000333401
09918	0.000256434
09932	0.000570528
09934	0.000278059
09951	0.000673536
09982	5.41582e-05
09986	8.80804e-05
