# format = weight
# date = 20250829
01346	0.000290097
01362	0.00299481
0137A	0.000576651
01384	0.000391964
01419	0.000295113
01454	0.00043852
01464	0.000219921
01482	0.000838736
01484	0.000133568
01488	0.000614081
01489	0.000942392
0148A	0.00229316
01514	0.000588157
01515	3.13375e-05
01555	0.000190406
01572	0.00208018
01587	0.000657336
01616	0.000591623
01649	0.000434298
01659	0.00207727
01678	0.000997823
01681	0.000529086
01682	0.00244032
01729	9.69399e-05
01763	0.000234065
01783	0.0242269
01821	0.000103286
01846	0.000311415
01855	3.05708e-05
01875	0.00160848
01876	0.000138665
01961	0.000816652
01993	0.000212567
01995	0.00967016
01999	0.000392774
02007	0.00135762
02022	0.000257221
02025	0.000300929
02029	0.000263624
02047	0.00251749
02048	0.000235604
02051	4.34014e-05
02066	0.00163346
02071	0.000318115
02098	2.83042e-05
02104	0.00254249
02180	0.000282473
02185	0.000855591
02209	0.000457
02216	0.000826313
02239	0.00274075
02244	0.000292362
02281	8.84024e-05
02282	0.000414761
02284	0.000347016
02300	0.00166292
02303	0.00185765
02325	6.42463e-05
02340	5.84162e-05
02343	0.000172492
02344	0.00134059
02345	0.00417794
02359	8.76608e-05
02364	0.000264023
02365	5.76361e-05
02421	0.000222098
02449	0.000189109
02452	0.000185253
02473	0.000384096
02494	0.000622808
02505	0.000626721
02511	0.000152198
02527	0.000670534
02544	5.80448e-05
02562	4.36725e-05
02563	0.002533
02565	0.000121617
02571	0.00198979
02572	0.000477786
02585	0.00114217
02605	0.00520721
02630	0.000492072
02649	0.000277397
02654	0.000555243
02681	0.0001112
02684	0.000133805
02725	9.46613e-05
02730	0.000394638
02732	0.00172296
02768	0.000150952
02776	0.000693789
02787	0.000558313
02802	0.000273879
02813	0.00988748
02826	0.000910802
02831	0.000166307
0283A	0.000757535
02852	0.000878287
02859	0.000744211
02891	0.000801851
02938	0.000130345
02944	0.00136001
02962	0.00652485
0296A	0.00391283
02973	1.64616e-05
02988	0.000198871
02989	0.000668044
03007	0.000117667
03015	0.000417502
03152	0.0052746
03160	0.000255842
03195	5.10296e-05
03244	0.00100629
03259	0.00445728
03268	0.00442701
03284	0.000380561
03297	0.000423231
03302	0.02109
03323	4.41897e-05
03342	0.00149993
03349	0.000199656
03356	0.000124773
03357	0.0016198
03438	0.00196505
03455	0.000953661
03467	0.000435049
03476	0.00119454
03495	0.000148474
03531	0.000115835
03546	0.000259336
03558	0.000226331
0355A	0.000218924
03569	0.000610098
03581	0.000753819
03628	0.0005023
03664	0.000570391
03669	0.000241303
03672	0.000593257
03683	0.00324879
03690	0.0036885
03754	0.000625235
03755	6.37851e-05
03762	0.00660796
03764	0.000723755
03776	0.00382056
03797	0.00148673
03805	0.00265129
03809	0.000215149
03815	0.00220289
03832	0.000130786
03846	0.000857099
03853	0.00186397
03877	0.000320337
03880	4.52572e-05
03920	0.000253812
03944	0.00427922
03961	0.000202384
03967	0.000258946
03981	0.00108797
03982	0.000824009
03983	0.000791445
03988	7.63752e-05
04006	7.53654e-05
04007	0.000142275
04031	0.000368636
0404A	0.000386118
04055	6.00061e-05
04058	0.014782
04062	4.96203e-05
04071	0.0011799
04090	0.00282847
04119	0.000253642
04149	0.000121477
04170	0.000191433
04177	0.00789189
04194	0.000494661
0419A	0.000316052
04209	0.00033854
0423A	5.49382e-05
04274	0.00363004
04300	0.000260084
04308	0.000297422
04319	0.000355693
04333	0.000164172
04347	0.000107324
04362	3.56946e-05
04392	0.000761807
04426	0.000289338
04435	0.000122158
04465	0.0023117
04474	0.00238313
04482	1.12876e-05
04524	0.000279374
04529	0.000138134
04549	0.000985336
04578	0.0003408
04666	4.02286e-05
04676	0.000232873
0467A	3.22265e-05
04689	0.000211625
04703	9.11697e-05
04713	0.00125549
0471A	0.000875246
04762	0.000223188
04818	0.000282733
04863	0.00688422
04865	0.000738425
04873	2.00304e-05
04885	0.000267706
04894	4.46972e-05
04897	0.00427385
04907	0.0041315
04911	0.000440696
04913	0.00159645
04918	0.00196446
04922	0.000807968
04940	0.00133476
04966	0.0162904
04971	0.000432155
04987	0.000111954
04994	0.000402734
04998	0.000343636
05005	0.00123611
05008	0.0111885
05011	0.000745453
05012	0.00479114
05020	2.5469e-05
05027	0.00173729
05045	0.000326331
05049	0.000926492
05078	0.003521
05092	0.0034352
05102	0.000249469
05108	0.00249316
05115	0.000771573
05131	0.000373743
05145	0.00110504
05180	7.29331e-06
05183	0.00165468
05189	0.000208857
05198	0.00696499
05215	0.000374058
05222	3.72619e-05
05244	0.000344365
05282	0.00200284
05285	0.00116404
05316	0.000190409
05349	0.00162556
05369	2.73582e-05
05373	0.0072557
05388	0.000445885
05407	0.000181259
05416	0.00161405
05417	0.000516001
05420	0.0002825
05429	0.000201372
05458	0.0019543
05476	0.000360827
05481	0.0123862
05484	0.000173289
0554A	0.00076716
05556	8.02792e-05
05569	0.000219459
05580	0.00221282
05581	3.11247e-05
05624	3.57287e-05
05654	0.000810483
05659	0.00467905
05681	0.00159333
05702	6.70129e-05
0572A	0.00142715
05744	0.0002518
05764	1.93071e-05
05769	0.00037109
05773	0.00140958
05816	0.000167212
05821	0.00229734
0583A	0.000885273
05859	0.000271582
05866	7.35524e-05
05868	0.000804131
05873	0.00228068
05874	0.000194704
05881	0.00169256
05886	0.00106273
05910	0.000342007
05915	3.2743e-05
05920	9.81674e-06
05928	0.000762289
05957	0.00207729
05960	0.000843411
05964	8.80682e-05
05969	0.000715729
05978	0.000464782
05984	0.0028223
05988	0.000134688
06039	2.34772e-05
06061	0.00445706
06106	0.00157621
06135	0.000442126
06154	0.000266569
06172	3.67556e-05
06257	0.000290559
06263	0.000511127
06264	0.00177258
0626A	3.22225e-05
06277	0.00131212
06297	0.000713971
06347	0.00407653
06402	0.000255809
06418	0.00255755
06423	7.43621e-05
06435	0.000223892
06437	0.00257333
06466	0.000804909
06477	0.000649028
06489	0.00118444
06494	0.00394568
06517	0.00124482
06533	0.00101049
06536	8.49275e-05
06538	8.67768e-05
06544	0.000378929
06559	0.000165654
06562	0.00027427
06616	0.000837811
06671	0.000419369
06694	0.000484572
0671A	0.00262819
06735	5.83827e-05
0673A	0.00028428
06751	0.00121905
06770	0.00394458
06777	0.0006146
06792	0.000969782
06801	0.00176176
06808	0.00216505
06832	0.0174069
06837	0.000280385
06842	0.000623174
06862	0.00276784
06882	0.000281441
06886	0.000420406
06908	0.000778972
06918	0.000111348
06920	0.000775588
06925	0.028948
06939	0.00109362
06967	0.00211713
06976	0.000289768
06977	0.000136325
06981	0.000450268
07005	9.31928e-05
07017	0.00257907
07045	0.00539284
07079	0.177144
07103	0.00279856
07123	6.86445e-05
07173	3.24085e-05
07201	5.76746e-05
07230	0.00014263
07249	0.000490246
07272	0.00352053
07283	0.00533475
07290	5.86006e-05
07321	0.00018076
07379	0.00019292
07393	0.0049162
07416	0.00123646
07429	0.00570524
07433	0.00349761
07440	0.000325319
07461	0.0218288
07486	0.00302311
07490	0.000152529
07506	0.00243691
07508	0.000480973
07558	0.0103538
07585	0.000285474
07602	0.000509058
07609	0.00617758
07619	0.000268923
07636	4.09113e-05
07637	0.02951
07642	0.0192348
07645	0.000272959
07647	0.00117481
07658	0.00108416
07663	6.11749e-05
07665	9.91369e-05
07685	0.00383004
07694	0.000195625
07697	0.000711842
07719	0.000500987
07772	0.000988167
07786	0.000629419
07790	0.00046829
07816	0.00171171
07845	2.04674e-05
07853	0.000936814
07861	0.000319999
07874	0.000950522
07884	0.000243617
07886	0.000304416
07908	0.000641111
07918	0.00022149
07949	0.000784901
08003	0.00115579
08044	0.000103907
08045	0.00176079
08049	6.53208e-05
08051	0.00334694
08092	0.00028038
08093	0.00172143
08130	0.000383578
08132	0.00114872
08133	0.00136656
08145	0.0247301
08155	0.00021077
08173	0.000333676
08178	0.00163165
08210	0.000152634
08212	0.00025374
08258	0.001047
08263	0.00724451
08276	0.000167462
08300	0.000711817
08349	0.000360183
08353	4.66028e-05
08363	0.000484619
08370	0.000967857
08376	0.000734758
08427	0.000131994
08434	0.0199777
08451	0.000787485
08453	0.00041877
08471	0.000441903
08482	0.000343917
08499	0.000606982
08512	4.93548e-05
08539	0.000475155
0853A	0.000492725
08558	0.000136202
08580	0.00125578
08594	0.00420101
08676	0.00106021
08687	0.000209524
08712	0.00142973
08747	0.000585127
08772	0.000125188
08773	0.000226747
08780	0.00119697
08826	0.00191377
08828	0.000232525
08846	0.000165203
08848	0.00161295
08854	0.0019529
08858	0.000106554
08860	7.87502e-06
08879	0.000181883
08888	0.000519156
08890	5.84078e-05
08892	0.000570779
08913	0.00145307
08964	0.00880318
09010	0.000155796
09021	0.000183986
09033	0.00147678
09055	0.000686944
09072	0.000419907
09085	0.000399481
09182	1.52535e-05
09215	0.00175482
09217	0.000265333
09220	8.47799e-05
09221	4.00111e-05
09225	0.000144711
09226	0.000979913
09232	0.00137111
09263	0.000160525
09278	0.000303255
09283	0.000108946
09284	0.000533158
09302	8.75819e-05
09313	0.000534944
09323	0.00298127
09335	0.00228697
09345	9.1057e-05
09350	0.000326587
09357	0.00490446
09360	0.00204882
09370	6.44086e-05
09417	0.00104364
09444	0.000278423
09479	0.000165872
09486	0.00480749
09503	0.00656178
09514	4.95761e-05
09529	0.00196664
09534	0.0154021
09545	0.00184774
09547	3.81195e-05
09574	0.000839174
09581	0.000340499
09582	4.4301e-05
09595	0.000478983
09597	0.000106197
09599	0.000757241
09658	9.5114e-05
09693	0.00104987
09710	0.000182221
09730	0.000264917
09766	2.27693e-05
09803	0.000151368
09829	0.000992495
09837	0.000710577
09838	0.000121441
0987A	6.25875e-05
09881	0.000398885
09886	0.000151543
09906	0.000333248
09918	0.000256316
09932	0.000570265
09934	0.000277931
09982	5.41332e-05
09986	8.80398e-05
