# format = weight
# date = 20251128
01346	0.00030565
01356	0.000217655
01361	0.0022301
01362	0.00315538
0137A	0.000607568
01384	0.000412979
01419	0.000310935
01454	0.000462031
01464	0.000231712
01482	0.000883704
01488	0.000647005
01489	0.000992918
0148A	0.0024161
01492	5.54984e-05
01514	0.00061969
01515	3.30176e-05
01555	0.000200614
01572	0.00219171
01587	0.000692578
01607	0.000159002
01616	0.000623342
01649	0.000457583
01659	0.00218864
01678	0.00105132
01681	0.000557453
01682	0.00257116
01729	0.000102137
01763	0.000246614
01783	0.0255259
01821	0.000108823
01855	3.22098e-05
01875	0.00169472
01876	0.0001461
01926	0.000776565
01953	0.000326721
01961	0.000860436
01995	0.0101886
01999	0.000413833
02007	0.00143041
02025	0.000317064
02029	0.000277758
02047	0.00265246
02051	4.57284e-05
02066	0.00172103
02071	0.00033517
02092	0.000197279
02098	2.98217e-05
02103	0.00176137
02104	0.0026788
02167	1.73249e-05
0219A	0.000548017
02209	0.000481502
02216	0.000870615
02239	0.0028877
02244	0.000308037
02281	9.31421e-05
02282	0.000436998
02284	0.000365621
02300	0.00175208
02303	0.00195725
02340	6.15481e-05
02343	0.00018174
02344	0.00141246
02345	0.00440194
02359	9.23607e-05
02364	0.000278179
02365	6.07262e-05
02421	0.000234005
02425	0.00249915
02432	0.000106878
02449	0.000199248
02452	0.000195185
02473	0.000404689
02482	8.41298e-05
02494	0.0006562
02505	0.000660322
02511	0.000160358
02544	6.11569e-05
02562	4.6014e-05
02563	0.0026688
02565	0.000128137
02571	0.00209647
02572	0.000503402
02585	0.00120341
02605	0.00548639
02618	6.7576e-05
02630	0.000518454
02638	0.000268733
02649	0.00029227
02654	0.000585012
02694	0.000341458
02725	9.97365e-05
02730	0.000415797
02732	0.00181533
02768	0.000159045
02776	0.000730986
02787	0.000588247
02802	0.000288563
02813	0.0104176
02826	0.000959634
02831	0.000175223
0283A	0.00079815
02852	0.000925376
02859	0.000784111
02876	0.00168748
02891	0.000844842
02938	0.000137334
02944	0.00143293
02962	0.00687467
0296A	0.00412261
02973	1.73441e-05
02988	0.000209533
02989	0.00070386
03007	0.000123976
03015	0.000439886
03073	0.00688112
03152	0.00555739
03160	0.000269559
03234	0.000186642
03244	0.00106024
03259	0.00469625
03268	0.00466437
03281	0.000939691
03284	0.000400965
03302	0.0222207
03323	4.65589e-05
03342	0.00158035
03349	0.000210361
03356	0.000131462
03357	0.00170664
03455	0.00100479
03467	0.000458374
03476	0.00125858
03495	0.000156434
03514	0.00108856
03531	0.000122046
03546	0.00027324
03558	0.000238465
0355A	0.000230662
03569	0.000642808
03581	0.000794235
03585	0.00021377
03617	5.70515e-05
03628	0.000529231
03664	0.000600973
03669	0.00025424
03672	0.000625064
03690	0.00388625
03729	0.000383714
03754	0.000658757
03755	6.72049e-05
03762	0.00696225
03764	0.000762558
03773	0.000286483
03797	0.00156645
03805	0.00279344
03809	0.000226684
03815	0.002321
03832	0.000137798
03846	0.000903052
03853	0.0019639
03864	0.00202347
03877	0.000337512
03920	0.00026742
03944	0.00450865
03961	0.000213235
03962	0.000885832
03967	0.000272829
03981	0.0011463
03982	0.000868188
03983	0.000833878
03988	8.04701e-05
04006	7.94061e-05
0404A	0.000406819
04055	6.32233e-05
04058	0.0155746
04062	5.22807e-05
04090	0.00298012
04119	0.000267241
04149	0.00012799
04170	0.000201696
04177	0.00831501
04194	0.000521182
0419A	0.000332997
04274	0.00382466
04300	0.000274028
04308	0.000313368
04319	0.000374763
04333	0.000172974
04347	0.000113078
04362	3.76084e-05
04392	0.000802651
04426	0.000304851
04435	0.000128708
04465	0.00243564
04474	0.0025109
04482	1.18928e-05
04524	0.000294352
04529	0.00014554
04549	0.00103816
04578	0.000359072
04662	0.00384167
04666	4.23855e-05
04676	0.000245358
0467A	3.39543e-05
04689	0.000222972
04703	9.60577e-05
04713	0.0013228
0471A	0.000922172
04762	0.000235154
04779	6.66193e-05
04784	0.00159017
04810	0.000626327
04818	0.000297891
04854	0.0103798
04863	0.00725332
04865	0.000778015
04873	2.11043e-05
04894	4.70936e-05
04897	0.00450299
04907	0.00435301
04911	0.000464324
04913	0.00168204
04918	0.00206978
04922	0.000851287
04940	0.00140632
04971	0.000455325
04987	0.000117956
04994	0.000424327
04998	0.00036206
05005	0.00130238
05008	0.0117884
05011	0.000785421
05012	0.00504802
05027	0.00183043
05045	0.000343827
05049	0.000976165
05078	0.00370977
05092	0.00361937
05102	0.000262844
05108	0.00262683
05115	0.000812941
05131	0.000393781
05145	0.00116429
05168	8.29109e-05
05180	7.68434e-06
05183	0.00174339
05189	0.000220055
05198	0.00733841
05215	0.000394113
05282	0.00211022
05284	0.000165077
05285	0.00122645
05316	0.000200618
05373	0.00764471
05388	0.000469791
05407	0.000190977
05416	0.00170058
05417	0.000543666
05420	0.000297646
05423	0.000310783
05458	0.00205908
05481	0.0130503
05484	0.00018258
05556	8.45833e-05
05569	0.000231226
05579	2.65632e-05
05580	0.00233146
05581	3.27934e-05
05624	3.76443e-05
05654	0.000853936
05659	0.00492991
05677	0.00297715
05702	7.06057e-05
0572A	0.00150367
05744	0.0002653
05764	2.03423e-05
05769	0.000390986
05773	0.00148516
05816	0.000176177
05821	0.00242051
0583A	0.000932737
05855	0.000142839
05859	0.000286143
05866	7.74959e-05
05868	0.000847244
05881	0.00178331
05910	0.000360344
05920	1.03431e-05
05928	0.000803158
05957	0.00218866
05978	0.000489701
05984	0.00297361
05988	0.000141909
06061	0.00469602
06106	0.00166071
06135	0.00046583
06172	3.87263e-05
06184	0.000342082
06257	0.000306137
06263	0.00053853
06264	0.00186761
0626A	3.39501e-05
06277	0.00138247
06347	0.0042951
06402	0.000269524
06418	0.00269467
06435	0.000235896
06437	0.0027113
06454	0.00078527
06466	0.000848063
06477	0.000683825
06494	0.00415723
06517	0.00131156
06533	0.00106467
06536	8.94809e-05
06538	9.14293e-05
06544	0.000399245
06559	0.000174535
06562	0.000288975
06616	0.00088273
06671	0.000441854
06694	0.000510552
0671A	0.0027691
06735	6.15128e-05
06737	0.00238632
0673A	0.000299522
06751	0.00128441
06792	0.00102178
06801	0.00185621
06832	0.0183401
06837	0.000295418
06842	0.000656586
06882	0.00029653
06886	0.000442946
06908	0.000820736
06914	0.000450769
06918	0.000117318
06920	0.000817171
06925	0.0305001
06939	0.00115226
06967	0.00223064
06976	0.000305304
07005	9.81893e-05
07045	0.00568197
07079	0.186642
07081	7.91805e-05
07084	0.000766835
07173	3.41461e-05
07201	6.07668e-05
07249	0.000516531
07272	0.00370928
07283	0.00562077
07290	6.17425e-05
07311	0.000565767
07321	0.000190451
07379	0.000203264
07393	0.00517977
07429	0.00601113
07433	0.00368513
07440	0.000342761
07441	0.000387574
07461	0.0229991
07486	0.0031852
07490	0.000160707
07506	0.00256756
07508	0.00050676
07585	0.000300779
07602	0.000536351
07609	0.00650879
07637	0.0310921
07642	0.0202661
07647	0.0012378
07658	0.00114229
07663	6.44547e-05
07665	0.000104452
07685	0.00403539
07694	0.000206113
07697	0.000750007
07719	0.000527847
07739	0.0126958
07772	0.00104115
07786	0.000663165
07788	0.000625834
07790	0.000493397
07816	0.00180348
07845	2.15647e-05
07853	0.000987041
07861	0.000337155
07872	0.00202629
07874	0.00100148
07884	0.000256678
07886	0.000320737
07908	0.000675484
07918	0.000233365
07924	0.00110496
07949	0.000826983
08003	0.00121776
08092	0.000295412
08093	0.00181373
08132	0.00121031
08133	0.00143983
08134	0.000414984
08173	0.000351566
08178	0.00171913
08258	0.00110314
08263	0.00763292
08276	0.00017644
08300	0.000749981
08314	0.00328495
08349	0.000379494
08363	0.000510601
08370	0.00101975
08376	0.000774152
08427	0.000139071
08434	0.0210488
08451	0.000829706
08453	0.000441222
08471	0.000465595
08499	0.000639525
08512	5.20009e-05
08539	0.00050063
0853A	0.000519142
08558	0.000143504
08580	0.00132311
08594	0.00442625
08676	0.00111705
08686	6.5037e-05
08687	0.000220757
08747	0.000616498
08772	0.000131899
08773	0.000238904
08780	0.00126114
08826	0.00201638
08846	0.00017406
08848	0.00169943
08854	0.0020576
08858	0.000112267
08860	8.29724e-06
08879	0.000191635
08890	6.15394e-05
08892	0.000601381
08913	0.00153097
08964	0.00927516
09010	0.000164149
09033	0.00155596
09055	0.000723774
09072	0.000442421
09085	0.000420899
0918A	2.85578e-05
09217	0.000279559
09220	8.93253e-05
09221	4.21562e-05
09225	0.00015247
09226	0.00103245
09232	0.00144462
09237	2.97287e-05
09263	0.000169132
09265	0.00153932
09268	0.00178663
09278	0.000319514
09283	0.000114787
09284	0.000561743
09302	9.22775e-05
09313	0.000563625
09323	0.00314111
09335	0.00240958
09345	9.5939e-05
09350	0.000344097
09360	0.00215867
09370	6.78619e-05
09417	0.0010996
09444	0.000293351
09479	0.000174765
09486	0.00506524
09503	0.00691358
09529	0.00207208
09545	0.00194681
09547	4.01633e-05
09574	0.000884166
09581	0.000358755
09582	4.66762e-05
09595	0.000504663
09597	0.00011189
09599	0.00079784
09629	0.00105757
09658	0.000100213
09693	0.00110615
09710	0.000191991
09730	0.000279121
09766	2.39901e-05
09789	9.20538e-05
09803	0.000159484
09829	0.00104571
09838	0.000127952
0987A	6.59431e-05
09883	0.00498396
09886	0.000159668
09896	0.00144013
09906	0.000351115
09918	0.000270058
09932	0.000600839
09934	0.000292832
09951	0.00070932
09982	5.70355e-05
