# format = weight
# date = 20260130
01346	0.000297677
01356	0.000211978
01361	0.00217193
01362	0.00307307
0137A	0.00059172
01384	0.000402207
01419	0.000302824
01454	0.000449979
01464	0.000225668
01482	0.000860653
01484	0.000137058
01488	0.000630128
01489	0.000967018
0148A	0.00235308
01492	5.40507e-05
01515	3.21564e-05
01555	0.000195381
01572	0.00213454
01607	0.000154855
01616	0.000607083
01649	0.000445647
01659	0.00213155
01681	0.000542912
01682	0.00250409
01729	9.94731e-05
01763	0.000240181
01780	2.48464e-05
01783	0.02486
01846	0.000319552
01875	0.00165052
01876	0.000142289
01926	0.000756309
01953	0.000318199
01961	0.000837992
01993	0.000218121
01995	0.00992285
01999	0.000403038
02007	0.0013931
02022	0.000263943
02025	0.000308793
02029	0.000270513
02047	0.00258327
02048	0.000241761
02051	4.45356e-05
02066	0.00167614
02071	0.000326427
02092	0.000192133
02098	2.90438e-05
02103	0.00171542
02167	1.6873e-05
02180	0.000289854
02185	0.000877948
0219A	0.000533722
02210	0.000375832
02216	0.000847906
02244	0.000300002
02281	9.07125e-05
02282	0.000425599
02300	0.00170638
02303	0.00190619
02325	6.59252e-05
02340	5.99427e-05
02343	0.000176999
02344	0.00137562
02345	0.00428712
02364	0.000270923
02365	5.91422e-05
02421	0.000227901
02425	0.00243396
02432	0.00010409
02449	0.000194051
02452	0.000190093
02473	0.000394133
02482	8.19353e-05
02494	0.000639083
02505	0.000643098
02511	0.000156175
02544	5.95616e-05
02563	0.00259919
02565	0.000124795
02571	0.00204179
02572	0.000490271
02585	0.00117202
02605	0.00534328
02618	6.58133e-05
02638	0.000261723
02649	0.000284646
02654	0.000569753
02681	0.000114106
02684	0.000137301
02694	0.000332552
02725	9.71349e-05
02730	0.000404951
02732	0.00176798
02776	0.000711919
02787	0.000572903
02802	0.000281036
02813	0.0101459
02826	0.000934602
02831	0.000170652
02852	0.000901238
02859	0.000763658
02876	0.00164346
02891	0.000822805
02938	0.000133752
02944	0.00139555
02962	0.00669535
0296A	0.00401507
02973	1.68917e-05
02988	0.000204067
02989	0.0006855
03007	0.000120742
03015	0.000428412
03073	0.00670162
03152	0.00541243
03160	0.000262527
03195	5.23631e-05
03234	0.000181773
03244	0.00103258
03259	0.00457375
03268	0.0045427
03281	0.000915179
03284	0.000390506
03297	0.00043429
03302	0.0216411
03323	4.53444e-05
03342	0.00153912
03349	0.000204874
03357	0.00166212
03455	0.000978582
03467	0.000446417
03476	0.00122575
03495	0.000152354
03514	0.00106016
03531	0.000118862
03558	0.000232245
0355A	0.000224645
03569	0.00062604
03581	0.000773517
03585	0.000208194
03617	5.55634e-05
03664	0.000585297
03669	0.000247609
03672	0.000608759
03683	0.00333369
03690	0.00378488
03696	7.52804e-05
03729	0.000373705
03754	0.000641573
03755	6.54519e-05
03764	0.000742667
03776	0.0039204
03797	0.00152559
03805	0.00272057
03809	0.000220771
03832	0.000134204
03846	0.000879496
03864	0.00197069
03877	0.000328708
03880	4.64398e-05
03920	0.000260445
03944	0.00439104
03961	0.000207672
03962	0.000862725
03967	0.000265713
03981	0.0011164
03982	0.000845542
03983	0.000812126
03988	7.8371e-05
04006	7.73348e-05
04007	0.000145993
04031	0.000378269
0404A	0.000396207
04055	6.15741e-05
04058	0.0151683
04062	5.0917e-05
04071	0.00121073
04090	0.00290239
04119	0.00026027
04149	0.000124651
04177	0.00809811
0419A	0.000324311
04209	0.000347387
04274	0.0037249
04300	0.00026688
04308	0.000305194
04333	0.000168462
04347	0.000110128
04362	3.66274e-05
04392	0.000781714
04426	0.000296899
04435	0.00012535
04465	0.00237211
04474	0.00244541
04482	1.15826e-05
04524	0.000286674
04549	0.00101108
04578	0.000349706
04666	4.12798e-05
04676	0.000238958
0467A	3.30686e-05
04689	0.000217156
04703	9.35521e-05
04713	0.0012883
0471A	0.000898118
04762	0.00022902
04779	6.48816e-05
04784	0.00154869
04810	0.00060999
04818	0.000290121
04854	0.010109
04863	0.00706412
04865	0.000757721
04873	2.05538e-05
04885	0.000274702
04894	4.58652e-05
04897	0.00438554
04907	0.00423946
04911	0.000452212
04913	0.00163816
04918	0.0020158
04940	0.00136963
04966	0.0167161
04971	0.000443448
04987	0.000114879
04994	0.000413259
04998	0.000352616
05005	0.00126841
05008	0.0114809
05011	0.000764933
05020	2.61346e-05
05027	0.00178268
05045	0.000334858
05078	0.00361301
05092	0.00352496
05108	0.00255831
05115	0.000791735
05131	0.000383509
05168	8.07482e-05
05189	0.000214315
05198	0.00714699
05215	0.000383833
05222	3.82356e-05
05244	0.000353364
05282	0.00205517
05284	0.000160771
05285	0.00119446
05316	0.000195385
05349	0.00166804
05369	2.80731e-05
05407	0.000185995
05416	0.00165622
05417	0.000529485
05420	0.000289882
05423	0.000302676
05429	0.000206634
05463	0.00085709
05476	0.000370256
05481	0.0127099
05484	0.000177817
0554A	0.000787207
05556	8.2377e-05
05569	0.000225194
05579	2.58703e-05
05580	0.00227064
05581	3.1938e-05
05624	3.66624e-05
05659	0.00480132
05677	0.00289949
05681	0.00163496
05702	6.8764e-05
0572A	0.00146444
05764	1.98116e-05
05769	0.000380787
05773	0.00144642
05816	0.000171581
05821	0.00235737
0583A	0.000908407
05855	0.000139113
05859	0.000278679
05868	0.000825144
05873	0.00234028
05874	0.000199792
05881	0.00173679
05886	0.0010905
05910	0.000350944
05915	3.35987e-05
05928	0.000782208
05957	0.00213157
05960	0.00086545
05964	9.03696e-05
05969	0.000734432
05978	0.000476927
05984	0.00289605
05988	0.000138208
06039	2.40907e-05
06061	0.00457353
06106	0.0016174
06154	0.000273534
06184	0.000333159
06224	0.00597976
06257	0.000298151
06263	0.000524483
0626A	3.30645e-05
06277	0.00134641
06297	0.000732628
06347	0.00418306
06402	0.000262494
06418	0.00262438
06423	7.63053e-05
06435	0.000229743
06437	0.00264057
06454	0.000764787
06466	0.000825942
06477	0.000665988
06489	0.00121539
06494	0.00404879
06517	0.00127735
06533	0.0010369
06536	8.71468e-05
06538	8.90444e-05
06544	0.000388831
06559	0.000169983
06562	0.000281437
06616	0.000859705
06671	0.000430328
06694	0.000497234
0671A	0.00269687
06735	5.99083e-05
06737	0.00232407
0673A	0.000291709
06751	0.00125091
06770	0.00404766
06777	0.00063066
06792	0.000995124
06801	0.00180779
06808	0.00222162
06832	0.0178617
06842	0.000639459
06862	0.00284017
06882	0.000288796
06908	0.000799328
06914	0.000439011
06918	0.000114258
06920	0.000795855
06925	0.0297045
06939	0.0011222
06967	0.00217246
06977	0.000139887
06981	0.000462034
07005	9.5628e-05
07017	0.00264647
07045	0.00553376
07079	0.181773
07103	0.00287169
07123	7.04383e-05
07201	5.91817e-05
07230	0.000146357
07249	0.000503057
07272	0.00361252
07283	0.00547416
07290	6.01319e-05
07311	0.000551009
07321	0.000185483
07379	0.000197961
07393	0.00504466
07416	0.00126877
07429	0.00585433
07433	0.00358901
07440	0.000333821
07441	0.000377464
07461	0.0223992
07486	0.00310211
07490	0.000156515
07506	0.00250059
07508	0.000493541
07558	0.0106243
07609	0.00633901
07619	0.000275951
07636	4.19803e-05
07637	0.0302811
07645	0.000280092
07655	0.00738606
07658	0.0011125
07663	6.27734e-05
07665	0.000101727
07685	0.00393013
07694	0.000200737
07697	0.000730443
07719	0.000514079
07739	0.0123646
07772	0.00101399
07786	0.000645866
07788	0.000609509
07790	0.000480527
07816	0.00175644
07845	2.10022e-05
07853	0.000961294
07874	0.00097536
07884	0.000249983
07886	0.00031237
07908	0.000657864
07918	0.000227278
07924	0.00107614
07949	0.000805412
08003	0.00118599
08044	0.000106622
08045	0.0018068
08049	6.70277e-05
08051	0.0034344
08093	0.00176642
08130	0.000393601
08132	0.00117874
08133	0.00140227
08134	0.000404159
08145	0.0253763
08155	0.000216278
08173	0.000342395
08178	0.00167429
08210	0.000156622
08212	0.00026037
08258	0.00107436
08263	0.00743382
08276	0.000171838
08314	0.00319926
08349	0.000369595
08353	4.78206e-05
08376	0.000753958
08427	0.000135443
08451	0.000808064
08453	0.000429713
08471	0.00045345
08482	0.000352904
08499	0.000622843
08512	5.06445e-05
08539	0.000487571
0853A	0.0005056
08558	0.000139761
08580	0.00128859
08594	0.00431079
08687	0.000214999
08747	0.000600417
08772	0.000128459
08773	0.000232672
08780	0.00122825
08826	0.00196378
08828	0.000238602
08848	0.0016551
08854	0.00200393
08858	0.000109339
08879	0.000186636
08888	0.000532723
08890	5.99341e-05
08892	0.000585694
08964	0.00903322
09010	0.000159868
09021	0.000188794
09055	0.000704895
09072	0.00043088
09085	0.00040992
09182	1.5652e-05
0918A	2.78129e-05
09215	0.00180067
09220	8.69953e-05
09221	4.10566e-05
09225	0.000148493
09232	0.00140693
09237	2.89532e-05
09263	0.00016472
09268	0.00174003
09278	0.00031118
09283	0.000111793
09284	0.00054709
09313	0.000548923
09323	0.00305918
09345	9.34365e-05
09350	0.000335122
09357	0.00503262
09370	6.60917e-05
09417	0.00107092
09479	0.000170206
09503	0.00673325
09514	5.08716e-05
09529	0.00201803
09534	0.0158046
09545	0.00189603
09547	3.91156e-05
09574	0.000861102
09581	0.000349397
09582	4.54587e-05
09595	0.000491499
09597	0.000108972
09599	0.000777029
09629	0.00102999
09658	9.75995e-05
09693	0.0010773
09730	0.00027184
09766	2.33643e-05
09788	0.000656184
09789	8.96526e-05
09803	0.000155324
09829	0.00101843
09838	0.000124614
0987A	6.4223e-05
09881	0.000409309
09883	0.00485395
09886	0.000155503
09896	0.00140256
09906	0.000341956
09918	0.000263014
09932	0.000585167
09934	0.000285194
09951	0.000690818
09982	5.55478e-05
09986	9.03404e-05
