# format = weight
# date = 20260529
01346	0.000395208
01361	0.00288354
01362	0.00407993
0137A	0.000785591
01419	0.000402042
01454	0.00059741
01464	0.000299606
01482	0.00114264
01484	0.000181964
01488	0.000836583
01489	0.00128385
0148A	0.00312404
01492	7.17599e-05
01514	0.000801266
01515	4.26921e-05
01555	0.000259396
01572	0.0028339
01607	0.000205592
01616	0.000805987
01649	0.000591659
01659	0.00282993
01678	0.00135937
01682	0.00332453
01729	0.000132065
01763	0.000318874
01780	3.29871e-05
01821	0.00014071
01846	0.000424251
01855	4.16476e-05
01875	0.00219129
01876	0.000188908
01926	0.00100411
01953	0.000422453
01961	0.00111255
01993	0.000289587
01995	0.013174
01999	0.00053509
02007	0.00184954
02025	0.000409966
02029	0.000359144
02047	0.00342966
02048	0.000320972
02051	5.91272e-05
02066	0.00222531
02071	0.000433378
02092	0.000255083
02098	3.85597e-05
02103	0.00227746
02104	0.00346372
02180	0.000384822
02185	0.0011656
0219A	0.000708591
02209	0.000622586
02210	0.00049897
02216	0.00112571
02239	0.00373382
02244	0.000398295
02281	0.000120434
02300	0.00226545
02303	0.00253074
02340	7.95823e-05
02343	0.000234991
02344	0.00182633
02359	0.000119423
02421	0.000302571
02425	0.00323143
02449	0.00025763
02452	0.000252376
02473	0.000523267
02482	0.000108781
02494	0.000848472
02505	0.000853803
02511	0.000207344
02527	0.000913491
02544	7.90764e-05
02562	5.94965e-05
02565	0.000165683
02571	0.00271076
02572	0.000650903
02585	0.00155602
02605	0.00709396
02618	8.73764e-05
02630	0.000670366
02638	0.000347474
02649	0.000377908
02654	0.000756427
02681	0.000151492
02684	0.000182287
02694	0.000441509
02725	0.00012896
02732	0.00234724
02768	0.000205647
02776	0.000945172
02787	0.000760609
02813	0.0134701
02826	0.00124082
02831	0.000226565
02852	0.00119652
02859	0.00101386
02891	0.00109239
02938	0.000177574
02944	0.00185279
02962	0.00888902
0296A	0.00533057
02988	0.000270928
02989	0.000910098
03007	0.000160302
03015	0.000568777
03073	0.00889735
03152	0.00718576
03160	0.000348542
03234	0.00024133
03244	0.0013709
03259	0.0060723
03268	0.00603107
03281	0.00121503
03284	0.000518451
03297	0.000576581
03302	0.0287316
03323	6.02011e-05
03342	0.0020434
03349	0.000271999
03356	0.000169982
03357	0.0022067
03438	0.00267706
03455	0.00129921
03495	0.000202271
03514	0.00140751
03531	0.000157806
03546	0.000353302
03558	0.000308338
0355A	0.000298248
03569	0.000831157
03581	0.00102695
03585	0.000276407
03617	7.37682e-05
03619	0.000272835
03664	0.000777063
03672	0.000808214
03683	0.00442594
03696	9.99454e-05
03729	0.000496146
03754	0.000851778
03755	8.68966e-05
03762	0.00900225
03773	0.000370425
03776	0.00520488
03797	0.00202543
03805	0.00361194
03809	0.000293104
03832	0.000178174
03864	0.00261637
03877	0.000436406
03880	6.16554e-05
03920	0.000345777
03944	0.00582973
03961	0.000275714
03962	0.00114539
03982	0.00112258
03983	0.00107821
03988	0.000104049
04006	0.000102673
04007	0.000193826
04031	0.000502205
0404A	0.000526021
04055	8.17483e-05
04058	0.0201381
04062	6.75994e-05
04090	0.00385332
04119	0.000345545
04149	0.000165492
04170	0.000260795
04177	0.0107514
0419A	0.000430568
0423A	7.48441e-05
04274	0.00494532
04300	0.000354321
04308	0.000405188
04333	0.000223658
04347	0.000146211
04362	4.8628e-05
04392	0.00103784
04435	0.00016642
04465	0.00314931
04474	0.00324662
04524	0.0003806
04529	0.000188185
04549	0.00134236
04578	0.000464283
04666	5.48048e-05
04676	0.00031725
0467A	4.39032e-05
04689	0.000288304
04713	0.00171039
0471A	0.00119238
04762	0.000304056
04784	0.0020561
04810	0.000809847
04818	0.000385176
04863	0.00937861
04873	2.72881e-05
04894	6.08925e-05
04897	0.00582241
04907	0.00562848
04911	0.000600375
04913	0.00217489
04918	0.00267625
04922	0.00110072
04940	0.00181838
04971	0.000588739
04987	0.000152519
04994	0.000548659
04998	0.000468147
05005	0.00168399
05008	0.0152425
05011	0.00101556
05012	0.00652713
05020	3.46973e-05
05027	0.00236676
05045	0.000444571
05049	0.00126219
05078	0.00479677
05092	0.00467988
05108	0.00339651
05115	0.00105114
05131	0.000509162
05145	0.00150544
05168	0.000107205
05180	9.93592e-06
05183	0.00225422
05189	0.000284533
05198	0.00948864
05215	0.000509592
05222	5.07632e-05
05244	0.000469141
05282	0.00272853
05284	0.000213447
05285	0.00158581
05316	0.000259401
05349	0.00221456
05369	3.7271e-05
05373	0.00988468
05388	0.000607445
05407	0.000246935
05416	0.00219887
05417	0.000702965
05420	0.000384859
05423	0.000401845
05429	0.000274335
05435	0.00180251
05458	0.00266241
05463	0.00113791
05476	0.000491567
05481	0.0168742
05484	0.000236078
0554A	0.00104513
05556	0.000109367
05569	0.000298977
05579	3.43464e-05
05580	0.0030146
05581	4.24022e-05
05654	0.00110415
05659	0.00637442
05677	0.00384948
05681	0.00217065
05702	9.12939e-05
05744	0.000343035
05769	0.000505548
05773	0.00192032
05821	0.00312975
0583A	0.00120604
05855	0.000184693
05859	0.000369986
05866	0.000100203
05868	0.00109549
05873	0.00310705
05874	0.000265252
05881	0.00230584
05886	0.00144779
05910	0.000465928
05915	4.46069e-05
05920	1.33737e-05
05928	0.00103849
05957	0.00282996
05960	0.00114901
05964	0.000119978
05969	0.000975062
05978	0.000633188
05984	0.00384491
05988	0.00018349
06039	3.19838e-05
06061	0.006072
06106	0.00214732
06135	0.000602323
06172	5.00734e-05
06184	0.000442316
06224	0.00793897
06257	0.000395838
06264	0.00241484
0626A	4.38978e-05
06277	0.00178755
06297	0.000972667
06347	0.0055536
06402	0.000348497
06418	0.00348423
06435	0.000305016
06437	0.00350573
06454	0.00101536
06466	0.00109655
06477	0.000884193
06494	0.00537534
06517	0.00169586
06536	0.0001157
06538	0.000118219
06544	0.000516227
06559	0.000225676
06562	0.000373647
06616	0.00114138
06671	0.000571321
06694	0.000660148
0671A	0.00358048
06735	7.95367e-05
06737	0.00308553
0673A	0.000387285
06751	0.00166076
06770	0.00537384
06777	0.00083729
06801	0.0024001
06837	0.000381978
06842	0.000848971
06862	0.00377072
06886	0.000572734
06908	0.00106122
06914	0.000582849
06918	0.000151694
06939	0.00148988
06967	0.00288424
06976	0.000394761
06977	0.00018572
06981	0.000613415
07005	0.00012696
07017	0.00351356
07045	0.00734685
07084	0.000991525
07103	0.00381257
07123	9.35167e-05
07136	0.000703379
07173	4.41513e-05
07201	7.8572e-05
07230	0.000194309
07249	0.000667879
07272	0.00479613
07283	0.00726771
07311	0.000731542
07321	0.000246255
07379	0.000262822
07393	0.0066975
07416	0.00168447
07429	0.00777244
07433	0.00476491
07440	0.000443194
07441	0.000501137
07461	0.0297381
07486	0.00411849
07506	0.00331988
07508	0.000655245
07558	0.0141053
07585	0.00038891
07602	0.000693507
07609	0.00841593
07619	0.000366363
07636	5.57348e-05
07637	0.0402024
07642	0.0262043
07645	0.000371861
07647	0.00160048
07655	0.00980603
07658	0.00147699
07663	8.33406e-05
07685	0.0052178
07694	0.000266506
07697	0.000969766
07719	0.000682512
07726	0.000871148
07739	0.0164158
07772	0.00134621
07786	0.000857478
07788	0.000809209
07790	0.000637967
07845	2.78834e-05
07853	0.00127625
07861	0.000435945
07872	0.00262001
07874	0.00129493
07886	0.000414716
07908	0.000873407
07918	0.000301743
07924	0.00142872
07949	0.0010693
08003	0.00157457
08044	0.000141556
08045	0.00239878
08049	8.89887e-05
08051	0.00455964
08092	0.000381971
08133	0.00186171
08155	0.000287139
08178	0.00222285
08210	0.000207938
08258	0.00142636
08263	0.00986944
08276	0.000228139
08300	0.000969732
08314	0.00424747
08349	0.000490689
08353	6.34885e-05
08363	0.000660212
08376	0.00100099
08434	0.0272162
08451	0.00107282
08471	0.000602019
08482	0.00046853
08539	0.000647319
0853A	0.000671256
08558	0.000185552
08580	0.00171079
08594	0.00572318
08676	0.00144435
08712	0.00194777
08747	0.000797138
08772	0.000170547
08780	0.00163067
08826	0.0026072
08828	0.000316777
08846	0.000225061
08848	0.00219738
08854	0.0026605
08858	0.000145162
08860	1.07284e-05
08888	0.000707264
08890	7.9571e-05
08913	0.00197956
08964	0.0119929
09010	0.000212247
09021	0.00025065
09033	0.00201187
09055	0.000935847
09072	0.000572054
0918A	3.69255e-05
09215	0.00239065
09217	0.000361472
09220	0.000115498
09221	5.45084e-05
09225	0.000197145
09226	0.00133497
09232	0.0018679
09237	3.84395e-05
09263	0.000218689
09265	0.00199036
09283	0.000148421
09284	0.000726339
09302	0.000119316
09313	0.000728772
09323	0.00406149
09335	0.00311562
09345	0.00012405
09350	0.000444921
09357	0.00668151
09360	0.00279118
09417	0.00142179
09444	0.000379306
09479	0.000225973
09486	0.0065494
09514	6.75392e-05
09529	0.00267922
09534	0.0209828
09545	0.00251724
09581	0.000463874
09582	6.03528e-05
09629	0.00136745
09658	0.000129577
09693	0.00143027
09710	0.000248246
09730	0.000360906
09738	0.00487119
09766	3.10194e-05
09788	0.000871176
09789	0.000119026
09837	0.000968043
09838	0.000165443
0987A	8.52651e-05
09881	0.000543415
09883	0.0064443
09886	0.000206452
09906	0.000453994
09918	0.000349188
09932	0.000776891
09934	0.000378634
09951	0.000917158
09982	7.37475e-05
09986	0.00011994
