# format = weight
# date = 20260731
01346	0.000288466
01356	0.000205419
01361	0.00210472
01362	0.00297798
0137A	0.000573411
01384	0.000389762
01419	0.000293454
01454	0.000436056
01464	0.000218685
01482	0.000834022
01484	0.000132817
01488	0.00061063
01489	0.000937096
0148A	0.00228027
01492	5.23782e-05
01514	0.000584851
01572	0.00206849
01587	0.000653642
01607	0.000150063
01616	0.000588298
01659	0.0020656
01678	0.000992216
01681	0.000526113
01682	0.00242661
01729	9.63952e-05
01763	0.00023275
01780	2.40776e-05
01783	0.0240908
01821	0.000102705
01846	0.000309665
01855	3.0399e-05
01875	0.00159945
01876	0.000137886
01961	0.000812063
01993	0.000211372
01995	0.00961582
01999	0.000390567
02007	0.00134999
02022	0.000255776
02029	0.000262143
02047	0.00250334
02048	0.00023428
02051	4.31575e-05
02066	0.00162428
02071	0.000316327
02092	0.000186188
02098	2.81451e-05
02103	0.00166234
02104	0.0025282
02167	1.63509e-05
02180	0.000280885
02185	0.000850782
0219A	0.000517208
02209	0.000454432
02216	0.000821669
02239	0.00272535
02244	0.000290719
02281	8.79057e-05
02282	0.00041243
02284	0.000345066
02300	0.00165358
02303	0.00184721
02340	5.80879e-05
02344	0.00133305
02345	0.00415446
02359	8.71681e-05
02364	0.00026254
02421	0.000220849
02425	0.00235865
02432	0.000100869
02449	0.000188047
02452	0.000184211
02482	7.94001e-05
02494	0.000619308
02505	0.000623199
02511	0.000151342
02527	0.000666766
02544	5.77186e-05
02562	4.34271e-05
02563	0.00251876
02565	0.000120933
02585	0.00113575
02605	0.00517795
02618	6.37769e-05
02630	0.000489306
02638	0.000253625
02649	0.000275839
02654	0.000552123
02681	0.000110576
02684	0.000133053
02694	0.000322262
02725	9.41293e-05
02730	0.00039242
02732	0.00171327
02768	0.000150104
02776	0.00068989
02787	0.000555176
02802	0.00027234
02813	0.00983192
02826	0.000905683
02831	0.000165372
02852	0.000873351
02859	0.000740028
02876	0.00159261
02891	0.000797345
02938	0.000129613
02944	0.00135237
02962	0.00648818
0296A	0.00389084
02989	0.000664289
03007	0.000117006
03015	0.000415156
03073	0.00649426
03152	0.00524496
03160	0.000254404
03195	5.07429e-05
03234	0.000176149
03244	0.00100063
03259	0.00443223
03268	0.00440214
03281	0.000886861
03284	0.000378423
03297	0.000420852
03302	0.0209715
03323	4.39414e-05
03342	0.0014915
03349	0.000198534
03356	0.000124072
03357	0.00161069
03438	0.00195401
03455	0.000948302
03467	0.000432604
03476	0.00118782
03495	0.00014764
03514	0.00102736
03531	0.000115184
03546	0.000257879
03558	0.000225059
03569	0.000606669
03581	0.000749583
03585	0.000201752
03617	5.38441e-05
03619	0.000199145
03628	0.000499478
03664	0.000567186
03669	0.000239947
03672	0.000589923
03683	0.00323053
03690	0.00366777
03696	7.29511e-05
03729	0.000362142
03754	0.000621721
03755	6.34267e-05
03773	0.000270376
03776	0.00379909
03805	0.00263639
03815	0.00219051
03832	0.000130051
03846	0.000852282
03853	0.00185349
03864	0.00190971
03877	0.000318537
03880	4.50028e-05
03920	0.000252386
03944	0.00425517
03961	0.000201246
03962	0.00083603
03967	0.000257491
03981	0.00108185
03982	0.000819378
03983	0.000786997
03988	7.5946e-05
04006	7.49419e-05
04007	0.000141476
0404A	0.000383948
04055	5.96689e-05
04058	0.014699
04062	4.93415e-05
04090	0.00281258
04149	0.000120794
04170	0.000190357
04177	0.00784754
04194	0.000491881
04209	0.000336638
0423A	5.46295e-05
04274	0.00360964
04300	0.000258622
04308	0.00029575
04319	0.000353694
04333	0.00016325
04347	0.000106721
04362	3.5494e-05
04392	0.000757526
04426	0.000287712
04435	0.000121472
04465	0.00229871
04474	0.00236974
04482	1.12242e-05
04529	0.000137358
04549	0.000979798
04578	0.000338885
04662	0.00362569
04666	4.00025e-05
04676	0.000231564
0467A	3.20454e-05
04689	0.000210436
04703	9.06573e-05
04713	0.00124843
0471A	0.000870328
04762	0.000221933
04779	6.2874e-05
04810	0.000591115
04818	0.000281144
04854	0.00979622
04863	0.00684554
04865	0.000734275
04873	1.99179e-05
04894	4.4446e-05
04897	0.00424984
04911	0.00043822
04913	0.00158747
04918	0.00195342
04922	0.000803427
04940	0.00132725
04971	0.000429726
04987	0.000111325
04994	0.000400471
04998	0.000341705
05005	0.00122916
05008	0.0111256
05011	0.000741264
05012	0.00476422
05020	2.53259e-05
05027	0.00172752
05045	0.000324497
05049	0.000921285
05078	0.00350121
05092	0.00341589
05102	0.000248067
05108	0.00247915
05115	0.000767237
05131	0.000371642
05168	7.82496e-05
05180	7.25232e-06
05183	0.00164538
05189	0.000207683
05198	0.00692585
05215	0.000371956
05244	0.00034243
05282	0.00199158
05284	0.000155797
05285	0.0011575
05316	0.000189339
05349	0.00161643
05369	2.72045e-05
05373	0.00721493
05388	0.00044338
05407	0.00018024
05416	0.00160498
05417	0.000513101
05420	0.000280913
05423	0.00029331
05435	0.00131567
05458	0.00194332
05476	0.000358799
05481	0.0123166
05484	0.000172315
0554A	0.000762848
05556	7.98281e-05
05569	0.000218226
05580	0.00220039
05581	3.09498e-05
05654	0.000805928
05659	0.00465275
05677	0.00280977
05681	0.00158437
05702	6.66363e-05
0572A	0.00141913
05764	1.91986e-05
05769	0.000369004
05773	0.00140166
05821	0.00228443
0583A	0.000880298
05855	0.000134809
05859	0.000270056
05866	7.31391e-05
05868	0.000799612
05873	0.00226787
05881	0.00168305
05886	0.00105676
05910	0.000340085
05915	3.2559e-05
05920	9.76157e-06
05928	0.000758005
05957	0.00206561
05964	8.75733e-05
05969	0.000711707
05978	0.00046217
05984	0.00280644
05988	0.000133931
06039	2.33452e-05
06061	0.00443201
06106	0.00156735
06135	0.000439641
06154	0.000265071
06172	3.65491e-05
06224	0.00579473
06257	0.000288926
06263	0.000508254
06264	0.00176261
0626A	3.20414e-05
06277	0.00130475
06297	0.000709959
06347	0.00405362
06418	0.00254317
06423	7.39442e-05
06435	0.000222634
06437	0.00255887
06454	0.000741122
06466	0.000800385
06477	0.000645381
06489	0.00117778
06517	0.00123782
06536	8.44502e-05
06538	8.62891e-05
06544	0.000376799
06562	0.000272729
06616	0.000833103
06671	0.000417013
06694	0.000481849
0671A	0.00261342
06735	5.80546e-05
06737	0.00225216
0673A	0.000282683
06751	0.0012122
06770	0.00392242
06792	0.000964332
06801	0.00175186
06808	0.00215288
06837	0.000278809
06842	0.000619672
06862	0.00275229
06882	0.000279859
06886	0.000418044
06908	0.000774595
06914	0.000425427
06918	0.000110723
06920	0.000771229
06925	0.0287854
06939	0.00108748
06976	0.00028814
06977	0.000135559
06981	0.000447738
07005	9.2669e-05
07017	0.00256458
07045	0.00536253
07079	0.176149
07081	7.4729e-05
07084	0.000723724
07103	0.00278283
07123	6.82588e-05
07136	0.000513403
07173	3.22264e-05
07201	5.73505e-05
07283	0.00530477
07290	5.82713e-05
07311	0.000533959
07321	0.000179744
07379	0.000191836
07393	0.00488857
07429	0.00567318
07433	0.00347796
07440	0.000323491
07441	0.000365785
07461	0.0217061
07486	0.00300612
07490	0.000151672
07506	0.00242321
07508	0.00047827
07558	0.0102956
07585	0.000283869
07602	0.000506197
07609	0.00614287
07619	0.000267412
07636	4.06814e-05
07637	0.0293441
07642	0.0191268
07645	0.000271425
07655	0.00715752
07658	0.00107807
07663	6.08311e-05
07665	9.85797e-05
07685	0.00380852
07694	0.000194525
07697	0.000707841
07719	0.000498172
07726	0.000635859
07739	0.011982
07772	0.000982614
07786	0.000625882
07788	0.000590649
07790	0.000465658
07816	0.00170209
07845	2.03524e-05
07853	0.000931549
07861	0.0003182
07872	0.00191237
07874	0.00094518
07884	0.000242248
07886	0.000302705
07908	0.000637508
07918	0.000220245
07924	0.00104284
07949	0.00078049
08003	0.00114929
08044	0.000103323
08045	0.00175089
08049	6.49537e-05
08051	0.00332813
08092	0.000278804
08093	0.00171176
08132	0.00114227
08133	0.00135888
08134	0.000391654
08145	0.0245911
08155	0.000209586
08210	0.000151776
08258	0.00104112
08263	0.0072038
08276	0.000166521
08300	0.000707817
08314	0.00310027
08349	0.000358159
08353	4.63409e-05
08363	0.000481895
08370	0.000962418
08434	0.0198654
08453	0.000416417
08471	0.000439419
08482	0.000341984
08499	0.000603571
0853A	0.000489956
08558	0.000135436
08580	0.00124872
08594	0.00417741
08676	0.00105425
08686	6.13807e-05
08687	0.000208346
08712	0.00142169
08747	0.000581839
08772	0.000124484
08826	0.00190302
08828	0.000231219
08846	0.000164274
08848	0.00160389
08854	0.00194193
08858	0.000105955
08860	7.83077e-06
08879	0.000180861
08888	0.000516239
08890	5.80796e-05
08892	0.000567571
08964	0.00875371
09021	0.000182952
09033	0.00146848
09055	0.000683083
09072	0.000417548
09085	0.000397236
09182	1.51677e-05
0918A	2.69523e-05
09217	0.000263842
09220	8.43034e-05
09221	3.97862e-05
09226	0.000974406
09232	0.0013634
09237	2.80574e-05
09263	0.000159623
09265	0.00145278
09268	0.00168619
09278	0.000301551
09283	0.000108334
09284	0.000530162
09302	8.70897e-05
09313	0.000531938
09323	0.00296452
09335	0.00227412
09345	9.05453e-05
09350	0.000324752
09357	0.0048769
09360	0.00203731
09370	6.40467e-05
09417	0.00103778
09444	0.000276859
09479	0.00016494
09503	0.0065249
09514	4.92975e-05
09529	0.00195559
09534	0.0153156
09545	0.00183736
09547	3.79053e-05
09574	0.000834458
09581	0.000338586
09582	4.40521e-05
09597	0.0001056
09599	0.000752985
09629	0.000998116
09658	9.45795e-05
09710	0.000181197
09730	0.000263429
09738	0.00355553
09766	2.26414e-05
09789	8.68785e-05
09803	0.000150517
09829	0.000986918
09837	0.000706584
09838	0.000120758
09881	0.000396644
09883	0.00470376
09886	0.000150692
09896	0.00135916
09906	0.000331375
09932	0.00056706
09934	0.000276369
09951	0.000669442
09982	5.3829e-05
