# format = weight
# date = 20260430
01346	0.000307326
01356	0.000218849
01361	0.00224233
01362	0.00317268
0137A	0.0006109
01384	0.000415245
01419	0.00031264
01454	0.000464565
01464	0.000232983
01482	0.000888551
01484	0.000141501
01488	0.000650553
01489	0.000998364
0148A	0.00242935
01492	5.58028e-05
01514	0.000623089
01555	0.000201715
01572	0.00220373
01587	0.000696377
01607	0.000159874
01616	0.000626761
01649	0.000460093
01678	0.00105709
01681	0.00056051
01729	0.000102698
01780	2.56518e-05
01783	0.0256659
01821	0.00010942
01846	0.000329911
01855	3.23865e-05
01875	0.00170402
01876	0.000146901
01926	0.000780824
01953	0.000328513
01961	0.000865155
01993	0.000225192
01995	0.0102445
01999	0.000416102
02007	0.00143826
02025	0.000318803
02029	0.000279282
02047	0.00266701
02048	0.000249598
02051	4.59792e-05
02071	0.000337008
02092	0.000198361
02098	2.99853e-05
02103	0.00177103
02104	0.0026935
02167	1.74199e-05
02185	0.000906407
0219A	0.000551023
02209	0.000484143
02210	0.000388015
02216	0.00087539
02239	0.00290354
02244	0.000309726
02281	9.3653e-05
02300	0.00176169
02303	0.00196798
02325	6.80621e-05
02340	6.18857e-05
02343	0.000182737
02344	0.00142021
02345	0.00442608
02359	9.28672e-05
02364	0.000279705
02365	6.10593e-05
02421	0.000235289
02425	0.00251286
02432	0.000107464
02449	0.000200341
02452	0.000196255
02473	0.000406909
02505	0.000663944
02511	0.000161237
02527	0.000710359
02544	6.14923e-05
02562	4.62664e-05
02563	0.00268344
02571	0.00210797
02572	0.000506163
02585	0.00121001
02605	0.00551648
02618	6.79467e-05
02638	0.000270207
02649	0.000293873
02654	0.000588221
02694	0.000343331
02725	0.000100284
02730	0.000418077
02732	0.00182529
02768	0.000159917
02776	0.000734996
02787	0.000591473
02802	0.000290146
02813	0.0104747
02826	0.000964897
02831	0.000176184
0283A	0.000802527
02852	0.000930452
02859	0.000788412
02876	0.00169674
02891	0.000849476
02938	0.000138087
02944	0.00144079
02973	1.74393e-05
02988	0.000210682
02989	0.000707721
03007	0.000124656
03015	0.000442299
03073	0.00691886
03152	0.00558787
03160	0.000271037
03234	0.000187665
03244	0.00106605
03259	0.00472201
03268	0.00468995
03281	0.000944845
03284	0.000403164
03297	0.000448368
03302	0.0223426
03323	4.68143e-05
03342	0.00158901
03349	0.000211515
03356	0.000132183
03357	0.001716
03438	0.00208176
03455	0.0010103
03476	0.00126548
03495	0.000157292
03531	0.000122715
0355A	0.000231927
03581	0.000798591
03585	0.000214943
03617	5.73644e-05
03628	0.000532134
03664	0.000604269
03669	0.000255635
03672	0.000628492
03683	0.00344175
03690	0.00390757
03696	7.77206e-05
03729	0.000385819
03755	6.75735e-05
03762	0.00700043
03764	0.000766741
03773	0.000288054
03776	0.00404748
03797	0.00157504
03809	0.000227927
03815	0.00233373
03832	0.000138554
03846	0.000908005
03853	0.00197467
03864	0.00203457
03877	0.000339363
03880	4.79451e-05
03920	0.000268887
03944	0.00453338
03961	0.000214404
03962	0.00089069
03967	0.000274326
03981	0.00115258
03982	0.00087295
03983	0.000838451
03988	8.09114e-05
04006	7.98416e-05
04007	0.000150725
04031	0.000390531
0404A	0.00040905
04055	6.35701e-05
04058	0.01566
04062	5.25674e-05
04119	0.000268706
04170	0.000202802
04177	0.00836061
04194	0.00052404
0419A	0.000334823
0423A	5.82012e-05
04274	0.00384564
04300	0.000275531
04308	0.000315087
04319	0.000376819
04333	0.000173923
04362	3.78146e-05
04392	0.000807054
04426	0.000306523
04435	0.000129413
04465	0.002449
04474	0.00252467
04482	1.1958e-05
04524	0.000295967
04529	0.000146338
04549	0.00104386
04662	0.00386274
04666	4.26179e-05
04676	0.000246704
0467A	3.41405e-05
04689	0.000224195
04703	9.65845e-05
04713	0.00133006
0471A	0.00092723
04762	0.000236444
04779	6.69847e-05
04784	0.00159889
04810	0.000629763
04818	0.000299525
04863	0.0072931
04865	0.000782282
04873	2.12201e-05
04911	0.000466871
04913	0.00169126
04918	0.00208114
04922	0.000855956
04987	0.000118603
04994	0.000426654
05005	0.00130952
05008	0.011853
05011	0.000789728
05012	0.0050757
05020	2.69817e-05
05045	0.000345713
05049	0.000981519
05078	0.00373012
05092	0.00363922
05102	0.000264285
05108	0.00264123
05115	0.000817399
05131	0.00039594
05145	0.00117068
05180	7.72648e-06
05183	0.00175296
05189	0.000221262
05215	0.000396274
05222	3.94751e-05
05244	0.000364818
05284	0.000165983
05285	0.00123317
05349	0.00172211
05369	2.89831e-05
05407	0.000192024
05416	0.00170991
05420	0.000299279
05429	0.000213332
05435	0.00140169
05458	0.00207037
05463	0.000884873
05476	0.000382258
05484	0.000183581
0554A	0.000812724
05556	8.50473e-05
05569	0.000232494
05579	2.67088e-05
05580	0.00234425
05624	3.78508e-05
05654	0.00085862
05659	0.00495695
05677	0.00299347
05681	0.00168796
05702	7.0993e-05
0572A	0.00151191
05744	0.000266755
05764	2.04538e-05
05769	0.00039313
05773	0.0014933
05816	0.000177143
05821	0.00243379
0583A	0.000937853
05855	0.000143623
05859	0.000287713
05866	7.79209e-05
05868	0.000851891
05873	0.00241614
05874	0.000206269
05881	0.00179309
05886	0.00112585
05910	0.00036232
05915	3.46878e-05
05928	0.000807563
05960	0.000893503
05964	9.32989e-05
05969	0.000758239
05978	0.000492387
05984	0.00298992
05988	0.000142688
06039	2.48716e-05
06061	0.00472178
06135	0.000468385
06154	0.000282401
06172	3.89387e-05
06184	0.000343959
06224	0.00617359
06257	0.000307816
06264	0.00187785
0626A	3.41363e-05
06277	0.00139005
06297	0.000756376
06347	0.00431865
06418	0.00270945
06423	7.87787e-05
06435	0.00023719
06437	0.00272617
06454	0.000789577
06466	0.000852715
06477	0.000687576
06494	0.00418003
06517	0.00131875
06533	0.00107051
06536	8.99716e-05
06538	9.19307e-05
06559	0.000175493
06562	0.00029056
06616	0.000887572
06671	0.000444277
06694	0.000513352
0671A	0.00278429
06737	0.00239941
0673A	0.000301165
06751	0.00129146
06770	0.00417886
06792	0.00102738
06801	0.00186639
06808	0.00229364
06832	0.0184407
06837	0.000297038
06842	0.000660187
06862	0.00293223
06882	0.000298157
06886	0.000445376
06908	0.000825238
06925	0.0306674
06939	0.00115858
06967	0.00224288
06976	0.000306978
06977	0.000144422
06981	0.000477011
07005	9.87278e-05
07017	0.00273225
07045	0.00571314
07079	0.187666
07081	7.96148e-05
07103	0.00296477
07123	7.27216e-05
07136	0.00054697
07173	3.43334e-05
07201	6.11001e-05
07230	0.000151101
07249	0.000519364
07272	0.00372962
07283	0.0056516
07290	6.20811e-05
07311	0.00056887
07379	0.000204378
07393	0.00520818
07429	0.0060441
07440	0.000344641
07461	0.0231252
07486	0.00320267
07490	0.000161588
07506	0.00258164
07508	0.000509539
07558	0.0109687
07585	0.000302429
07602	0.000539293
07609	0.00654449
07619	0.000284896
07636	4.33411e-05
07637	0.0312627
07642	0.0203773
07645	0.000289171
07647	0.00124459
07655	0.00762548
07658	0.00114856
07663	6.48082e-05
07665	0.000105025
07685	0.00405752
07694	0.000207244
07719	0.000530742
07739	0.0127654
07772	0.00104686
07788	0.000629266
07790	0.000496103
07816	0.00181337
07845	2.1683e-05
07853	0.000992454
07861	0.000339004
07872	0.0020374
07874	0.00100698
07884	0.000258086
07886	0.000322496
07908	0.000679188
07924	0.00111102
07949	0.000831519
08003	0.00122444
08044	0.000110078
08045	0.00186537
08049	6.92004e-05
08051	0.00354572
08092	0.000297032
08093	0.00182367
08132	0.00121695
08133	0.00144773
08134	0.00041726
08155	0.000223288
08173	0.000353494
08178	0.00172856
08210	0.000161699
08212	0.00026881
08258	0.00110919
08263	0.00767478
08276	0.000177408
08300	0.000754094
08314	0.00330296
08349	0.000381576
08376	0.000778397
08427	0.000139834
08434	0.0211642
08453	0.000443642
08482	0.000364343
08499	0.000643033
08512	5.22861e-05
08539	0.000503376
0853A	0.000521989
08558	0.000144291
08580	0.00133036
08594	0.00445053
08687	0.000221968
08712	0.00151464
08772	0.000132623
08773	0.000240214
08780	0.00126806
08826	0.00202744
08828	0.000246336
08846	0.000175014
08848	0.00170875
08854	0.00206889
08860	8.34275e-06
08879	0.000192686
08888	0.000549991
08890	6.18769e-05
08892	0.000604679
08913	0.00153937
08964	0.00932603
09010	0.00016505
09021	0.000194913
09033	0.00156449
09055	0.000727744
09072	0.000444847
09182	1.61594e-05
0918A	2.87145e-05
09215	0.00185904
09217	0.000281092
09220	8.98152e-05
09221	4.23874e-05
09232	0.00145254
09237	2.98918e-05
09263	0.000170059
09265	0.00154777
09268	0.00179643
09278	0.000321267
09283	0.000115417
09284	0.000564824
09302	9.27836e-05
09313	0.000566716
09323	0.00315834
09335	0.0024228
09345	9.64652e-05
09350	0.000345985
09357	0.00519575
09360	0.00217051
09370	6.8234e-05
09417	0.00110563
09444	0.00029496
09479	0.000175723
09486	0.00509302
09529	0.00208345
09534	0.0163169
09545	0.00195749
09574	0.000889015
09581	0.000360723
09582	4.69322e-05
09595	0.000507431
09597	0.000112504
09629	0.00106337
09658	0.000100763
09693	0.00111222
09710	0.000193044
09730	0.000280652
09738	0.00378799
09766	2.41217e-05
09788	0.000677454
09803	0.000160358
09829	0.00105144
09837	0.000752781
09838	0.000128654
09881	0.000422576
09883	0.00501129
09896	0.00144803
09906	0.00035304
09918	0.000271539
09934	0.000294438
09951	0.000713211
09982	5.73483e-05
09986	9.32688e-05
