# format = weight
# date = 20260331
01346	0.000320854
01361	0.00234103
01362	0.00331234
01384	0.000433523
01419	0.000326402
01464	0.000243238
01482	0.000927664
01484	0.00014773
01488	0.00067919
01489	0.00104231
01492	5.82591e-05
01514	0.000650517
01515	3.466e-05
01572	0.00230073
01616	0.00065435
01649	0.000480345
01659	0.00229751
01678	0.00110362
01681	0.000585183
01682	0.00269906
01729	0.000107218
01763	0.000258882
01783	0.0267956
01821	0.000114237
01846	0.000344433
01855	3.38121e-05
01875	0.00177903
01876	0.000153367
01926	0.000815195
01953	0.000342974
01961	0.000903238
01993	0.000235104
01995	0.0106954
01999	0.000434419
02007	0.00150157
02022	0.000284493
02025	0.000332836
02029	0.000291575
02047	0.00278441
02048	0.000260585
02051	4.80031e-05
02066	0.00180664
02071	0.000351843
02092	0.000207092
02098	3.13052e-05
02103	0.00184898
02104	0.00281206
02167	1.81867e-05
02180	0.000312422
02185	0.000946306
0219A	0.000575278
02209	0.000505454
02210	0.000405095
02216	0.000913924
02239	0.00303134
02244	0.00032336
02281	9.77754e-05
02282	0.000458736
02284	0.000383808
02303	0.00205461
02325	7.10581e-05
02340	6.46098e-05
02344	0.00148273
02345	0.00462091
02359	9.69551e-05
02364	0.000292017
02365	6.3747e-05
02421	0.000245646
02425	0.00262347
02449	0.00020916
02452	0.000204894
02473	0.00042482
02482	8.83148e-05
02494	0.000688842
02505	0.00069317
02511	0.000168334
02527	0.000741628
02562	4.83029e-05
02565	0.000134511
02571	0.00220076
02572	0.000528443
02585	0.00126327
02605	0.00575931
02618	7.09376e-05
02630	0.000544244
02638	0.000282101
02649	0.000306809
02654	0.000614114
02681	0.000122991
02694	0.000358444
02730	0.00043648
02732	0.00190563
02787	0.000617509
02813	0.0109358
02826	0.00100737
02831	0.000183939
0283A	0.000837853
02852	0.000971409
02859	0.000823116
02876	0.00177143
02891	0.000886869
02938	0.000144165
02944	0.00150421
02962	0.00721665
0296A	0.00432769
02973	1.82069e-05
02988	0.000219956
02989	0.000738874
03007	0.000130143
03015	0.000461768
03073	0.00722341
03152	0.00583384
03160	0.000282968
03234	0.000195926
03244	0.00111298
03268	0.00489639
03281	0.000986435
03284	0.000420911
03297	0.000468104
03302	0.0233261
03323	4.8875e-05
03342	0.00165896
03349	0.000220825
03356	0.000138002
03357	0.00179154
03438	0.0021734
03455	0.00105477
03467	0.000481175
03476	0.00132119
03495	0.000164216
03514	0.00114271
03531	0.000128117
03546	0.000286833
03558	0.000250328
03569	0.000674784
03581	0.000833744
03585	0.000224404
03617	5.98895e-05
03619	0.000221504
03628	0.000555557
03664	0.000630868
03683	0.00359325
03690	0.00407957
03696	8.11418e-05
03729	0.000402802
03755	7.0548e-05
03762	0.00730858
03764	0.000800492
03773	0.000300733
03776	0.00422564
03797	0.00164437
03805	0.00293239
03809	0.00023796
03815	0.00243646
03832	0.000144653
03846	0.000947974
03853	0.00206159
03864	0.00212413
03877	0.000354301
03880	5.00556e-05
03920	0.000280723
03944	0.00473293
03961	0.000223842
03967	0.000286401
03981	0.00120332
03982	0.000911376
03983	0.000875358
03988	8.4473e-05
04006	8.33561e-05
04007	0.00015736
04031	0.000407721
0404A	0.000427056
04055	6.63683e-05
04071	0.001305
04090	0.00312837
04119	0.000280535
04149	0.000134356
04170	0.000211729
04194	0.000547108
0419A	0.000349561
04209	0.000374434
0423A	6.07631e-05
04274	0.00401492
04300	0.00028766
04308	0.000328956
04319	0.000393406
04333	0.000181579
04347	0.000118703
04362	3.94792e-05
04392	0.000842579
04465	0.0025568
04474	0.00263581
04482	1.24844e-05
04524	0.000308995
04549	0.00108981
04578	0.000376934
04676	0.000257563
0467A	3.56433e-05
04689	0.000234063
04703	0.000100836
04713	0.0013886
04762	0.000246851
04784	0.00166927
04810	0.000657484
04818	0.00031271
04854	0.0108961
04863	0.00761413
04865	0.000816717
04885	0.00029609
04894	4.94362e-05
04897	0.00472699
04907	0.00456955
04911	0.000487422
04913	0.00176571
04918	0.00217275
04922	0.000893634
04940	0.00147627
04966	0.0180176
04971	0.000477975
04987	0.000123824
04994	0.000445435
04998	0.00038007
05005	0.00136717
05008	0.0123748
05011	0.000824491
05012	0.00529913
05020	2.81694e-05
05027	0.00192148
05045	0.00036093
05078	0.00389431
05092	0.00379942
05102	0.000275919
05108	0.0027575
05115	0.00085338
05131	0.000413369
05145	0.00122221
05168	8.70352e-05
05180	8.06659e-06
05183	0.00183012
05198	0.00770346
05244	0.000380877
05282	0.00221519
05284	0.000173289
05285	0.00128746
05316	0.000210597
05349	0.00179791
05369	3.02589e-05
05388	0.000493161
05407	0.000200477
05416	0.00178518
05417	0.00057071
05429	0.000222722
05435	0.00146339
05463	0.000923823
05481	0.0136995
05484	0.000191662
0554A	0.000848499
05556	8.87909e-05
05569	0.000242728
05580	0.00244744
05581	3.44247e-05
05624	3.95169e-05
05654	0.000896415
05659	0.00517515
05677	0.00312524
0572A	0.00157847
05744	0.000278497
05764	2.13542e-05
05816	0.000184941
05855	0.000149945
05859	0.000300377
05866	8.13509e-05
05868	0.00088939
05873	0.00252249
05874	0.000215348
05881	0.00187202
05886	0.00117541
05910	0.000378269
05915	3.62147e-05
05920	1.08576e-05
05928	0.000843111
05957	0.00229753
05960	0.000932834
05964	9.74057e-05
05969	0.000791615
05978	0.000514061
05988	0.000148969
06039	2.59664e-05
06106	0.00174333
06154	0.000294832
06172	4.06527e-05
06184	0.000359099
06257	0.000321366
06264	0.00196052
06277	0.00145124
06297	0.000789671
06347	0.00450875
06402	0.000282931
06418	0.00282871
06435	0.000247631
06437	0.00284617
06466	0.00089025
06477	0.000717842
06489	0.00131002
06494	0.00436403
06517	0.0013768
06533	0.00111763
06536	9.3932e-05
06538	9.59774e-05
06544	0.000419105
06559	0.000183217
06562	0.00030335
06616	0.000926641
06671	0.000463834
06694	0.000535949
0671A	0.00290685
06735	6.45727e-05
06737	0.00250502
0673A	0.000314421
06751	0.00134831
06770	0.00436281
06777	0.000679763
06792	0.0010726
06801	0.00194855
06808	0.0023946
06837	0.000310113
06842	0.000689247
06862	0.0030613
06882	0.000311281
06886	0.000464981
06914	0.000473192
06918	0.000123154
06967	0.0023416
06977	0.000150779
06981	0.000498008
07005	0.000103074
07017	0.00285252
07045	0.00596462
07079	0.195926
07081	8.31193e-05
07084	0.000804981
07103	0.00309528
07123	7.59226e-05
07136	0.000571047
07173	3.58447e-05
07201	6.37896e-05
07272	0.00389379
07290	6.48138e-05
07311	0.000593911
07321	0.000199925
07379	0.000213375
07393	0.00543744
07416	0.00136756
07433	0.00386845
07440	0.000359812
07441	0.000406854
07461	0.0241432
07486	0.00334364
07490	0.000168701
07506	0.00269528
07508	0.000531968
07558	0.0114515
07585	0.000315741
07602	0.000563031
07609	0.00683257
07619	0.000297436
07636	4.52489e-05
07642	0.0212742
07645	0.0003019
07647	0.00129937
07655	0.00796114
07658	0.00119911
07663	6.7661e-05
07665	0.000109648
07694	0.000216366
07697	0.000787316
07719	0.000554105
07726	0.000707252
07739	0.0133273
07772	0.00109294
07786	0.000696154
07788	0.000656966
07790	0.000517941
07816	0.00189319
07845	2.26375e-05
07853	0.00103614
07861	0.000353927
07872	0.00212709
07884	0.000269446
07886	0.000336692
07908	0.000709085
07918	0.000244974
07924	0.00115992
07949	0.000868121
08003	0.00127833
08044	0.000114924
08045	0.00194748
08049	7.22465e-05
08051	0.0037018
08092	0.000310107
08093	0.00190395
08130	0.000424247
08132	0.00127052
08133	0.00151145
08134	0.000435627
08145	0.0273521
08155	0.000233117
08173	0.000369054
08178	0.00180465
08210	0.000168817
08212	0.000280643
08263	0.00801261
08276	0.000185217
08314	0.00344835
08349	0.000398372
08353	5.15439e-05
08363	0.000536001
08376	0.000812661
08427	0.000145989
08434	0.0220958
08451	0.00087098
08453	0.00046317
08471	0.000488756
08499	0.000671338
0853A	0.000544966
08558	0.000150642
08580	0.00138892
08594	0.00464643
08676	0.00117262
08686	6.82723e-05
08687	0.000231739
08747	0.000647166
08772	0.000138461
08773	0.000250788
08780	0.00132388
08826	0.00211668
08828	0.000257179
08846	0.000182718
08848	0.00178397
08854	0.00215996
08858	0.000117852
08860	8.70998e-06
08879	0.000201168
08888	0.000574201
08890	6.46006e-05
08892	0.000631296
08913	0.00160713
08964	0.00973655
09010	0.000172315
09021	0.000203493
09033	0.00163336
09055	0.000759778
09072	0.000464429
09085	0.000441837
09182	1.68707e-05
0918A	2.99784e-05
09215	0.00194087
09220	9.37687e-05
09225	0.000160054
09226	0.00108381
09232	0.00151648
09237	3.12075e-05
09263	0.000177545
09265	0.0016159
09283	0.000120497
09284	0.000589687
09302	9.68678e-05
09313	0.000591662
09335	0.00252945
09345	0.000100711
09350	0.000361214
09360	0.00226605
09370	7.12376e-05
09417	0.0011543
09444	0.000307944
09479	0.000183458
09503	0.0072575
09514	5.48324e-05
09529	0.00217516
09534	0.0170351
09545	0.00204365
09547	4.21612e-05
09574	0.000928148
09581	0.000376601
09582	4.89981e-05
09595	0.000529767
09597	0.000117456
09599	0.000837528
09629	0.00111018
09658	0.000105199
09693	0.00116118
09738	0.00395473
09766	2.51835e-05
09788	0.000707274
09789	9.66329e-05
09803	0.000167417
09829	0.00109773
09838	0.000134317
0987A	6.92234e-05
09881	0.000441177
09883	0.00523188
09886	0.000167611
09896	0.00151177
09906	0.000368581
09918	0.000283492
09932	0.000630728
09934	0.000307399
09951	0.000744605
09982	5.98727e-05
09986	9.73743e-05
