# format = weight
# date = 20260227
01346	0.0002978
01356	0.000212065
01362	0.00307434
0137A	0.000591964
01384	0.000402373
01419	0.000302949
01454	0.000450165
01464	0.000225761
01482	0.000861009
01484	0.000137115
01488	0.000630388
01489	0.000967418
0148A	0.00235405
01514	0.000603775
01515	3.21696e-05
01555	0.000195462
01572	0.00213542
01587	0.000674791
01607	0.000154919
01649	0.000445831
01678	0.00102432
01681	0.000543136
01682	0.00250512
01729	9.95142e-05
01783	0.0248703
01821	0.000106029
01846	0.000319684
01855	3.13826e-05
01875	0.0016512
01876	0.000142348
01926	0.000756621
01953	0.00031833
01961	0.000838338
01993	0.000218211
01995	0.00992695
01999	0.000403205
02007	0.00139368
02022	0.000264052
02025	0.000308921
02029	0.000270625
02047	0.00258434
02048	0.000241861
02051	4.4554e-05
02066	0.00167683
02071	0.000326562
02092	0.000192212
02098	2.90558e-05
02103	0.00171613
02104	0.00261001
02167	1.68799e-05
02180	0.000289974
02185	0.000878311
0219A	0.000533943
02210	0.000375988
02216	0.000848256
02239	0.00281354
02244	0.000300126
02281	9.075e-05
02282	0.000425775
02284	0.000356231
02300	0.00170708
02303	0.00190698
02325	6.59524e-05
02340	5.99674e-05
02344	0.00137619
02345	0.00428889
02359	8.99886e-05
02364	0.000271035
02365	5.91666e-05
02421	0.000227995
02425	0.00243497
02432	0.000104133
02452	0.000190172
02473	0.000394296
02482	8.19692e-05
02494	0.000639347
02511	0.000156239
02527	0.00068834
02562	4.48322e-05
02563	0.00260026
02565	0.000124846
02571	0.00204263
02572	0.000490473
02585	0.0011725
02605	0.00534549
02630	0.000505139
02638	0.000261831
02649	0.000284764
02654	0.000569988
02681	0.000114153
02684	0.000137358
02725	9.71751e-05
02730	0.000405118
02732	0.00176871
02776	0.000712213
02787	0.000573139
02802	0.000281152
02813	0.0101501
02826	0.000934989
02831	0.000170723
02852	0.000901611
02859	0.000763974
02876	0.00164414
02891	0.000823145
02938	0.000133807
02944	0.00139613
02962	0.00669812
0296A	0.00401673
02973	1.68987e-05
02988	0.000204152
02989	0.000685784
03007	0.000120792
03015	0.000428589
03073	0.00670439
03152	0.00541467
03160	0.000262636
03195	5.23848e-05
03234	0.000181848
03244	0.00103301
03259	0.00457564
03268	0.00454458
03281	0.000915558
03284	0.000390667
03297	0.00043447
03323	4.53632e-05
03342	0.00153976
03349	0.000204958
03356	0.000128086
03357	0.00166281
03438	0.00201723
03455	0.000978986
03476	0.00122626
03495	0.000152417
03514	0.0010606
03531	0.000118911
03546	0.000266223
03558	0.000232341
03569	0.000626299
03581	0.000773837
03585	0.00020828
03617	5.55863e-05
03619	0.000205588
03628	0.000515639
03669	0.000247711
03672	0.000609011
03683	0.00333506
03690	0.00378645
03696	7.53116e-05
03754	0.000641838
03755	6.5479e-05
03762	0.00678344
03764	0.000742974
03773	0.000279125
03809	0.000220862
03815	0.00226139
03832	0.000134259
03846	0.000879859
03853	0.00191346
03864	0.00197151
03877	0.000328844
03880	4.6459e-05
03920	0.000260552
03944	0.00439286
03961	0.000207758
03962	0.000863082
03981	0.00111686
03982	0.000845891
03983	0.000812462
03988	7.84034e-05
04006	7.73668e-05
04007	0.000146053
04031	0.000378426
0404A	0.000396371
04055	6.15996e-05
04062	5.0938e-05
04119	0.000260377
04149	0.000124703
04170	0.000196516
04177	0.00810146
04194	0.000507797
0419A	0.000324445
04209	0.00034753
04274	0.00372644
04300	0.000266991
04333	0.000168532
04347	0.000110174
04362	3.66425e-05
04392	0.000782037
04426	0.000297022
04465	0.00237309
04474	0.00244642
04482	1.15873e-05
04524	0.000286793
04529	0.000141802
04549	0.0010115
04578	0.00034985
04662	0.003743
04666	4.12969e-05
04676	0.000239057
0467A	3.30823e-05
04689	0.000217245
04713	0.00128883
0471A	0.000898489
04762	0.000229115
04779	6.49084e-05
04784	0.00154933
04818	0.000290241
04854	0.0101132
04865	0.000758034
04885	0.000274815
04894	4.58841e-05
04897	0.00438735
04907	0.00424121
04911	0.000452399
04913	0.00163884
04918	0.00201663
04922	0.000829424
04940	0.0013702
04966	0.016723
04971	0.000443631
04987	0.000114927
04994	0.000413429
04998	0.000352761
05008	0.0114856
05011	0.000765249
05012	0.00491837
05020	2.61454e-05
05027	0.00178342
05045	0.000334997
05049	0.000951095
05092	0.00352642
05102	0.000256093
05108	0.00255936
05115	0.000792062
05131	0.000383668
05145	0.00113439
05168	8.07816e-05
05180	7.48699e-06
05189	0.000214403
05215	0.000383991
05222	3.82515e-05
05244	0.00035351
05282	0.00205602
05284	0.000160838
05285	0.00119495
05349	0.00166873
05369	2.80847e-05
05373	0.00744838
05388	0.000457726
05407	0.000186072
05417	0.000529703
05420	0.000290002
05429	0.000206719
05458	0.0020062
05463	0.000857444
05476	0.000370409
05481	0.0127151
05484	0.000177891
0554A	0.000787532
05569	0.000225287
05579	2.5881e-05
05580	0.00227158
05581	3.19512e-05
05654	0.000832005
05677	0.00290069
05681	0.00163564
05702	6.87924e-05
0572A	0.00146505
05744	0.000258486
05764	1.98198e-05
05769	0.000380944
05773	0.00144702
05816	0.000171652
0583A	0.000908782
05855	0.000139171
05859	0.000278794
05866	7.55056e-05
05873	0.00234125
05874	0.000199875
05881	0.00173751
05886	0.00109095
05910	0.000351089
05915	3.36125e-05
05920	1.00774e-05
05957	0.00213245
05960	0.000865808
05964	9.04069e-05
05969	0.000734736
05978	0.000477124
05984	0.00289724
05988	0.000138265
06039	2.41006e-05
06061	0.00457542
06106	0.00161806
06135	0.000453867
06154	0.000273647
06172	3.77317e-05
06184	0.000333297
06224	0.00598223
06257	0.000298275
06263	0.0005247
06264	0.00181965
0626A	3.30782e-05
06297	0.000732931
06347	0.00418479
06402	0.000262602
06423	7.63368e-05
06435	0.000229838
06437	0.00264166
06454	0.000765103
06466	0.000826283
06477	0.000666263
06494	0.00405046
06517	0.00127788
06533	0.00103733
06536	8.71828e-05
06538	8.90812e-05
06544	0.000388991
06559	0.000170053
06562	0.000281553
06616	0.00086006
06671	0.000430506
0671A	0.00269799
06735	5.9933e-05
06737	0.00232503
0673A	0.000291829
06751	0.00125143
06770	0.00404933
06777	0.000630921
06792	0.000995535
06801	0.00180854
06808	0.00222254
06832	0.0178691
06837	0.000287831
06842	0.000639723
06862	0.00284134
06882	0.000288915
06886	0.000431571
06908	0.000799658
06914	0.000439192
06918	0.000114305
06920	0.000796184
06925	0.0297168
06939	0.00112266
06967	0.00217335
06976	0.000297463
06977	0.000139945
07005	9.56675e-05
07045	0.00553605
07079	0.181849
07081	7.7147e-05
07084	0.000747141
07103	0.00287287
07136	0.000530016
07173	3.32692e-05
07201	5.92062e-05
07230	0.000146417
07249	0.000503265
07272	0.00361402
07283	0.00547642
07311	0.000551237
07321	0.00018556
07393	0.00504675
07416	0.0012693
07429	0.00585675
07433	0.00359049
07440	0.000333958
07461	0.0224084
07486	0.00310339
07490	0.000156579
07506	0.00250162
07508	0.000493745
07558	0.0106287
07585	0.000293055
07602	0.000522576
07609	0.00634163
07619	0.000276065
07636	4.19977e-05
07637	0.0302936
07642	0.0197456
07645	0.000280208
07647	0.00120601
07658	0.00111296
07663	6.27994e-05
07665	0.000101769
07694	0.00020082
07697	0.000730745
07719	0.000514291
07726	0.000656434
07739	0.0123697
07772	0.00101441
07786	0.000646133
07788	0.000609761
07790	0.000480725
07816	0.00175716
07853	0.000961691
07861	0.000328496
07872	0.00197425
07874	0.000975763
07884	0.000250086
07908	0.000658136
07918	0.000227372
07949	0.000805745
08003	0.00118648
08044	0.000106666
08049	6.70554e-05
08051	0.00343582
08092	0.000287825
08093	0.00176715
08130	0.000393764
08132	0.00117923
08133	0.00140285
08134	0.000404326
08145	0.0253868
08155	0.000216367
08173	0.000342537
08178	0.00167498
08210	0.000156687
08258	0.0010748
08263	0.00743689
08276	0.000171909
08300	0.00073072
08314	0.00320058
08349	0.000369748
08363	0.000497488
08370	0.000993559
08376	0.00075427
08427	0.000135499
08434	0.0205082
08453	0.00042989
08471	0.000453637
08482	0.00035305
08499	0.000623101
08512	5.06654e-05
0853A	0.000505809
08558	0.000139818
08580	0.00128913
08594	0.00431257
08676	0.00108836
08686	6.33668e-05
08687	0.000215088
08712	0.0014677
08747	0.000600665
08772	0.000128512
08773	0.000232768
08780	0.00122875
08826	0.00196459
08828	0.0002387
08846	0.00016959
08848	0.00165578
08854	0.00200476
08858	0.000109384
08860	8.08415e-06
08879	0.000186714
08888	0.000532943
08892	0.000585936
08913	0.00149165
08964	0.00903695
09010	0.000159934
09021	0.000188872
09033	0.001516
09055	0.000705186
09072	0.000431058
09182	1.56585e-05
09215	0.00180142
09217	0.000272379
09220	8.70312e-05
09225	0.000148554
09226	0.00100594
09232	0.00140752
09237	2.89652e-05
09263	0.000164788
09265	0.00149979
09268	0.00174075
09278	0.000311309
09283	0.000111839
09302	8.99076e-05
09323	0.00306044
09345	9.34751e-05
09350	0.00033526
09357	0.0050347
09360	0.00210323
09370	6.6119e-05
09444	0.000285817
09479	0.000170277
09486	0.00493515
09503	0.00673603
09514	5.08926e-05
09529	0.00201887
09534	0.0158111
09547	3.91318e-05
09581	0.000349541
09582	4.54775e-05
09595	0.000491702
09597	0.000109017
09599	0.00077735
09658	9.76398e-05
09693	0.00107775
09710	0.00018706
09730	0.000271952
09738	0.00367057
09766	2.3374e-05
09788	0.000656455
09789	8.96896e-05
09803	0.000155388
09829	0.00101885
09837	0.000729447
09838	0.000124666
0987A	6.42496e-05
09881	0.000409478
09883	0.00485596
09886	0.000155568
09896	0.00140314
09906	0.000342097
09918	0.000263122
09932	0.000585408
09934	0.000285311
09951	0.000691104
09982	5.55707e-05
09986	9.03778e-05
